run, lumi, event 

1,616468,292925125
1,655574,311506937
1,655137,311299034
1,643191,305622582
1,643464,305752553
1,38820,18445764
1,106996,50840727
1,107400,51032886
1,125048,59418568
1,665654,316296552
1,650206,308956198
1,252579,120017183
1,255199,121261908
1,286213,135998653
1,303109,144026831
1,303214,144077034
1,298754,141957830
1,613820,291666758
1,627083,297968921
1,644324,306161358
1,105901,50320309
1,119059,56572418
1,119059,56572743
1,273059,129748345
1,131553,62509547
1,290785,138170926
1,596947,283649050
1,142811,67859012
1,251309,119413560
1,255004,121169321
1,262659,124806550
1,264260,125567519
1,277444,131832264
1,277692,131949947
1,280817,133434746
1,41239,19595172
1,47351,22499514
1,53367,25357913
1,235442,111873850
1,277022,131631705
1,150369,71449994
1,150393,71461708
1,263678,125290953
1,277913,132055062
1,274441,130404941
1,272545,129504207
1,139429,66251832
1,140322,66676242
1,151963,72207744
1,248811,118226592
1,242551,115252141
1,299756,142433987
1,299500,142312101
1,659175,313217823
1,273662,130034773
1,605084,287515597
1,604773,287367637
1,611865,290737577
1,622550,295815063
1,244860,116349099
1,252859,120149773
1,613622,291572450
1,656032,311724582
1,113990,54163831
1,247550,117627470
1,643223,305637848
1,267322,127022587
1,603910,286957927
1,297579,141399449
1,639619,303925178
1,662493,314794670
1,265985,126387070
1,600793,285476715
1,46554,22120833
1,41795,19859319
1,48917,23243705
1,48982,23274713
1,117519,55841185
1,135775,64515434
1,234268,111316355
1,604768,287365507
1,624207,296602110
1,654814,311145570
1,654052,310783735
1,295052,140198484
1,627827,298322321
1,246129,116952290
1,247036,117383197
1,247401,117556433
1,249264,118441788
1,258308,122739130
1,257860,122526299
1,244480,116168628
1,250956,119245797
1,600953,285552739
1,620218,294706802
1,624903,296932893
1,633060,300808890
1,141006,67001156
1,154311,73323228
1,618641,293957350
1,647661,307746702
1,269299,127961529
1,269423,128020808
1,633700,301112961
1,653058,310311329
1,631400,300020105
1,652879,310225906
1,236180,112224554
1,143018,67957068
1,43755,20790821
1,126672,60190299
1,149929,71241059
1,148183,70411182
1,292583,139025517
1,278289,132233557
1,264918,125880141
1,596979,283664654
1,631753,300187966
1,299803,142456374
1,632210,300405166
1,664934,315954409
1,43693,20761345
1,46575,22130706
1,149201,70895281
1,271747,129124766
1,645087,306523619
1,130715,62111428
1,607803,288807496
1,616001,292702911
1,651331,309490522
1,257570,122388591
1,598376,284327917
1,609470,289599520
1,599119,284681378
1,280139,133112827
1,285892,135846072
1,283337,134632338
1,288734,137196524
1,288847,137250234
1,288826,137240570
1,291357,138443052
1,289232,137433299
1,290051,137822499
1,657566,312453086
1,607723,288769359
1,43566,20701034
1,106606,50655383
1,107234,50953798
1,150765,71638638
1,241751,114872016
1,259925,123507593
1,293829,139617676
1,617192,293269069
1,595687,283050394
1,651732,309681316
1,609505,289616107
1,42277,20088482
1,48692,23136733
1,111007,52746614
1,112613,53509873
1,112980,53684217
1,149914,71233908
1,131016,62254319
1,242305,115134880
1,148960,70780804
1,602811,286435792
1,665720,316327554
1,140150,66594401
1,236474,112364154
1,304380,144631096
1,304380,144631098
1,275305,130815685
1,291921,138711161
1,300189,142639526
1,149471,71023500
1,126157,59945232
1,249749,118672557
1,251628,119565070
1,265978,126383695
1,261359,124189213
1,261133,124081324
1,287967,136831995
1,288309,136994466
1,289610,137612864
1,297857,141531870
1,36901,17534012
1,645050,306506042
1,620287,294739749
1,646199,307052080
1,662642,314865303
1,40793,19383375
1,152437,72432960
1,152901,72653587
1,294941,140146140
1,41899,19909026
1,128244,60937069
1,36349,17271848
1,148283,70459273
1,149135,70863986
1,140056,66549710
1,611690,290654627
1,612622,291097538
1,615085,292267819
1,639729,303977759
1,259158,123143060
1,625996,297452403
1,630045,299376217
1,268805,127727071
1,652988,310277860
1,620909,295035410
1,604559,287266197
1,633373,300957696
1,633376,300959068
1,627233,298040264
1,654248,310876832
1,645898,306909314
1,650741,309210598
1,302352,143667439
1,636435,302412693
1,641163,304659013
1,244161,116017087
1,244613,116232070
1,258325,122747055
1,267598,127153799
1,267625,127166405
1,599530,284876775
1,247163,117443346
1,293893,139647895
1,631034,299846105
1,612498,291038631
1,106865,50778600
1,147705,70184436
1,117732,55942316
1,604689,287327948
1,598018,284158236
1,658340,312821160
1,258054,122618458
1,276771,131512103
1,654416,310956269
1,268551,127606215
1,277172,131702510
1,262907,124924478
1,264903,125872988
1,266115,126448973
1,279733,132919746
1,277109,131673177
1,277195,131713415
1,277247,131738248
1,277561,131887535
1,277748,131976654
1,279001,132571755
1,280512,133289820
1,43750,20788365
1,124484,59150237
1,118640,56373862
1,109817,52181558
1,102117,48522447
1,44153,20980200
1,143380,68129225
1,260536,123798021
1,110774,52635957
1,272483,129474856
1,635857,302137859
1,629343,299042524
1,46539,22113629
1,245009,116420181
1,250402,118982448
1,654389,310943673
1,602802,286431279
1,40681,19329932
1,105323,50046095
1,117628,55892619
1,102201,48562391
1,128297,60962322
1,634247,301372997
1,274189,130285216
1,37621,17876170
1,115023,54654730
1,115026,54656380
1,128153,60894235
1,43435,20638909
1,130387,61955109
1,103225,49048736
1,44850,21311135
1,111279,52876120
1,598334,284308041
1,603121,286582842
1,656582,311985932
1,642961,305513242
1,642961,305513310
1,663747,315390344
1,131565,62515099
1,131568,62516569
1,133779,63567110
1,144594,68706154
1,118292,56208286
1,135880,64565364
1,288652,137157680
1,292970,139209581
1,292972,139210716
1,300423,142750802
1,264776,125812333
1,645709,306818986
1,615947,292677480
1,39670,18849923
1,274876,130611814
1,125337,59556032
1,125831,59790471
1,602967,286509588
1,611381,290507816
1,633576,301054148
1,641688,304908714
1,659282,313268630
1,106048,50390317
1,127785,60719297
1,46176,21941094
1,133581,63473048
1,151045,71771080
1,302200,143595252
1,642956,305510986
1,662878,314977399
1,144364,68596796
1,45017,21390414
1,124716,59260664
1,246680,117214191
1,657536,312439046
1,257443,122328123
1,248185,117928844
1,246805,117273359
1,637675,303001689
1,43105,20482050
1,252991,120212430
1,269445,128031398
1,288862,137257608
1,595396,282912234
1,637088,302722949
1,236723,112482808
1,150742,71627550
1,146231,69484167
1,245350,116581963
1,252891,120165188
1,253591,120497625
1,253652,120526821
1,289771,137689070
1,285453,135637766
1,640566,304375448
1,596013,283205411
1,595339,282884948
1,597289,283811426
1,295612,140465013
1,648446,308119913
1,115322,54797106
1,303606,144263255
1,235214,111765740
1,259574,123340650
1,292336,138908448
1,263694,125298495
1,131905,62676402
1,135124,64206447
1,152666,72541405
1,305532,145178592
1,301987,143493995
1,617488,293409690
1,635999,302205264
1,649197,308476813
1,605403,287667295
1,632341,300466902
1,646722,307300623
1,137170,65178611
1,153903,73129515
1,252248,119859584
1,613781,291648129
1,614102,291800704
1,48427,23010853
1,134149,63742753
1,245083,116455157
1,252518,119987840
1,253423,120417701
1,258729,122939121
1,595070,282757018
1,294863,140109168
1,136839,65021413
1,145691,69227455
1,138417,65770807
1,139621,66343048
1,152608,72514076
1,234879,111606424
1,149847,71202119
1,245255,116536848
1,290656,138110144
1,293358,139393777
1,302284,143635006
1,645078,306519437
1,598856,284556393
1,248289,117978424
1,604763,287363011
1,260138,123608706
1,265239,126032575
1,615515,292472329
1,603085,286565659
1,595477,282950367
1,603028,286538804
1,628803,298786015
1,663184,315122816
1,45046,21404086
1,103909,49374069
1,146966,69833438
1,150487,71505970
1,235669,111982095
1,236926,112579352
1,37640,17885354
1,112990,53689010
1,129641,61600851
1,136959,65078179
1,139387,66232050
1,142763,67836075
1,142873,67888484
1,142878,67890755
1,144886,68844940
1,144641,68728534
1,257148,122188108
1,647553,307695500
1,656870,312122663
1,286576,136171323
1,288953,137300608
1,660317,313760582
1,601198,285669201
1,297613,141415617
1,630682,299679041
1,612547,291061917
1,105441,50102049
1,595051,282748444
1,290110,137850635
1,152905,72655090
1,273435,129927086
1,661372,314261828
1,662308,314706719
1,618656,293964493
1,108391,51503705
1,659902,313563215
1,106407,50560754
1,115839,55042771
1,111769,53108917
1,135059,64175510
1,602990,286520345
1,297075,141159757
1,629062,298909093
1,262920,124930668
1,263307,125114609
1,276597,131429560
1,281048,133544675
1,281530,133773470
1,303260,144098671
1,253465,120437922
1,602326,286205288
1,625096,297024804
1,41589,19761664
1,41932,19924860
1,102439,48675507
1,602265,286175990
1,604928,287441613
1,607369,288601419
1,606106,288001369
1,140165,66601551
1,141286,67134567
1,234865,111599851
1,236300,112281462
1,236304,112283660
1,240493,114274131
1,267400,127059743
1,267593,127151088
1,612415,290998977
1,612415,290999224
1,594682,282573006
1,595210,282823705
1,611461,290545738
1,627979,298394489
1,119431,56749466
1,257982,122584320
1,650109,308910263
1,142893,67897814
1,239782,113936578
1,256371,121819052
1,258797,122971806
1,259120,123125069
1,258794,122970181
1,152593,72506946
1,304566,144719582
1,305360,145096775
1,607159,288501553
1,627080,297967274
1,647240,307546730
1,51824,24624843
1,154722,73518616
1,239738,113915253
1,239948,114014884
1,242925,115429668
1,243657,115777350
1,276420,131345511
1,119717,56885762
1,121672,57814503
1,153683,73024826
1,284214,135049003
1,142107,67524360
1,235863,112073979
1,137883,65517176
1,264601,125729300
1,660187,313698526
1,664457,315727696
1,275636,130972689
1,661414,314281976
1,289275,137453476
1,665635,316287530
1,614580,292027844
1,616177,292786641
1,656353,311876658
1,628317,298554979
1,662548,314820398
1,36641,17410407
1,111775,53111626
1,111776,53112235
1,143396,68136826
1,143397,68137128
1,147586,70127917
1,115827,55036754
1,141958,67453869
1,250551,119053510
1,291232,138383795
1,249086,118357305
1,628125,298463962
1,646241,307072208
1,659160,313210664
1,111988,53212884
1,258128,122653758
1,137810,65482342
1,300242,142664830
1,263010,124973383
1,237497,112850441
1,296126,140709089
1,296917,141084592
1,137670,65416149
1,645321,306635093
1,140985,66991428
1,643553,305794797
1,104276,49548395
1,133555,63460533
1,614266,291878448
1,634216,301357974
1,625705,297314175
1,620921,295040742
1,621259,295201354
1,630665,299670883
1,649498,308619786
1,660995,314082641
1,621172,295160366
1,622984,296021209
1,636784,302578576
1,648746,308262354
1,239497,113801014
1,239048,113587290
1,296537,140904394
1,253268,120344400
1,258890,123015604
1,36509,17347897
1,644759,306367899
1,145801,69279489
1,626566,297723161
1,635032,301746045
1,246224,116997388
1,296900,141076984
1,255909,121599308
1,653945,310732878
1,148863,70734518
1,141932,67441080
1,128111,60874096
1,282258,134119569
1,629303,299023546
1,648873,308322926
1,120431,57224708
1,148445,70536029
1,664084,315550729
1,664705,315845630
1,46256,21979179
1,51404,24425398
1,44729,21253543
1,39867,18943430
1,107208,50941537
1,118167,56149049
1,119878,56961823
1,122880,58388282
1,130168,61851399
1,298373,141776881
1,48739,23158799
1,44539,21163340
1,104604,49704104
1,125897,59822220
1,132781,63093046
1,116180,55204820
1,127451,60560256
1,141187,67086942
1,301695,143355506
1,128218,60924914
1,36633,17406427
1,297340,141286038
1,609748,289731851
1,111962,53200691
1,630753,299712931
1,637117,302736714
1,602419,286249342
1,628102,298453281
1,278625,132392968
1,611979,290791739
1,653547,310543846
1,47336,22492152
1,123112,58498656
1,286233,136008508
1,285463,135642287
1,292191,138839535
1,292191,138839541
1,297560,141390167
1,304919,144887352
1,614554,292015735
1,125745,59749665
1,253291,120355340
1,254121,120749532
1,242685,115315640
1,254467,120914220
1,269636,128121802
1,273151,129791872
1,276675,131466464
1,277235,131732905
1,277457,131838403
1,279671,132890117
1,279940,133018042
1,292526,138998661
1,292435,138955190
1,301358,143195066
1,145495,69134356
1,125633,59696525
1,131961,62703090
1,626981,297920186
1,626000,297454097
1,607886,288846853
1,624560,296769711
1,638594,303438280
1,645956,306936541
1,627834,298325677
1,630315,299504352
1,634978,301720434
1,116626,55416604
1,52226,24815808
1,52270,24837111
1,151398,71939146
1,124676,59241609
1,44601,21192806
1,114742,54521588
1,135823,64538088
1,119740,56896378
1,145297,69039912
1,244588,116220225
1,290603,138084807
1,293085,139264320
1,129566,61565085
1,242357,115160026
1,248867,118253195
1,248978,118306066
1,642269,305184822
1,259663,123383002
1,264221,125549001
1,595843,283124381
1,604533,287253772
1,637317,302831567
1,658455,312875702
1,247569,117636497
1,273572,129991923
1,111075,52778778
1,270894,128719766
1,665956,316439807
1,594370,282424748
1,304801,144830901
1,635621,302026029
1,637633,302981622
1,663119,315091796
1,661169,314165483
1,663099,315082425
1,132502,62960634
1,109695,52123179
1,636045,302227221
1,629114,298933864
1,147016,69857005
1,236713,112477844
1,104998,49891470
1,278577,132370217
1,107564,51110426
1,45770,21748254
1,103365,49115698
1,136700,64955233
1,149859,71207636
1,234804,111570818
1,256939,122088819
1,257731,122465017
1,257101,122165599
1,635024,301742112
1,635492,301964281
1,647064,307463137
1,658875,313075058
1,651540,309589883
1,652412,310004397
1,279775,132939440
1,281062,133551458
1,288045,136869386
1,290135,137862508
1,303770,144341152
1,303829,144369291
1,243860,115873897
1,643781,305903350
1,650932,309301136
1,663764,315398509
1,107276,50973597
1,107324,50996751
1,106815,50754720
1,107511,51085500
1,108067,51349740
1,108229,51426412
1,108528,51568888
1,633046,300802172
1,651095,309378872
1,605759,287836603
1,271653,129080241
1,622134,295617123
1,248505,118080960
1,269977,128283708
1,284030,134961231
1,658362,312831638
1,132673,63041691
1,613718,291617979
1,127406,60538679
1,125425,59597725
1,245666,116732304
1,264898,125870633
1,239941,114011646
1,253134,120280755
1,635180,301815998
1,650334,309016877
1,651038,309351593
1,109786,52166381
1,650545,309116987
1,660531,313862404
1,661629,314383703
1,103288,49079109
1,285473,135647421
1,112873,53633409
1,258353,122760552
1,43291,20570253
1,41505,19721664
1,41552,19743737
1,103908,49373437
1,278792,132472260
1,294102,139747270
1,302564,143767906
1,302794,143877596
1,303121,144032652
1,303677,144296983
1,304033,144466348
1,305477,145152468
1,599278,284756966
1,600850,285504040
1,110186,52356739
1,113735,54042959
1,605654,287786602
1,259520,123315315
1,261100,124066171
1,267670,127187824
1,263138,125034334
1,268390,127530035
1,277101,131669024
1,42242,20071884
1,48314,22957022
1,289754,137681157
1,259557,123332554
1,110857,52675335
1,120288,57156746
1,121394,57682267
1,121520,57742072
1,122524,58219285
1,138841,65972417
1,143899,68375816
1,136915,65057074
1,279475,132796826
1,263569,125238876
1,146151,69446138
1,242202,115086258
1,251735,119616301
1,41083,19521012
1,50422,23958682
1,283024,134483546
1,248569,118111583
1,268135,127408551
1,601039,285593314
1,154677,73497389
1,123197,58538990
1,131647,62554093
1,290169,137878646
1,274869,130608244
1,249559,118581932
1,263266,125095130
1,305775,145293912
1,616861,293111504
1,153161,72777225
1,50266,23884416
1,50900,24185990
1,48305,22952842
1,139750,66404218
1,45397,21571011
1,124465,59141429
1,600508,285341314
1,660279,313742615
1,119799,56924150
1,102818,48855607
1,107239,50956204
1,142502,67712209
1,135641,64451796
1,136608,64911347
1,121040,57513826
1,138203,65669300
1,145575,69172036
1,45812,21768250
1,108142,51385612
1,121371,57671396
1,121403,57686680
1,43503,20671080
1,256537,121897561
1,247209,117465518
1,647019,307441662
1,234236,111300779
1,236889,112561766
1,239987,114033562
1,250061,118820654
1,252216,119844624
1,595701,283057154
1,595702,283057693
1,633782,301151861
1,648008,307911836
1,595683,283048529
1,254139,120758282
1,265394,126106004
1,253410,120411888
1,258187,122681492
1,50057,23785192
1,110729,52614677
1,120712,57358123
1,155198,73744720
1,261874,124433760
1,277082,131660064
1,642272,305186177
1,259799,123447604
1,53189,25273640
1,150205,71371960
1,52696,25039381
1,125974,59858831
1,42014,19963439
1,103687,49268457
1,46219,21961296
1,129648,61604281
1,122366,58143918
1,648342,308070492
1,106232,50477921
1,106239,50480993
1,623173,296110633
1,248848,118244431
1,53186,25271911
1,106475,50593197
1,127011,60351267
1,128599,61105727
1,619450,294341691
1,148402,70515857
1,295562,140441264
1,248895,118266680
1,616988,293172204
1,255973,121629773
1,611443,290537026
1,599198,284718744
1,39005,18533841
1,250068,118823950
1,250189,118881281
1,121905,57924826
1,112600,53503579
1,241558,114780005
1,264877,125860336
1,264880,125862039
1,295339,140335125
1,636565,302474207
1,648064,307938305
1,656999,312183757
1,662673,314879964
1,600538,285355528
1,607552,288688252
1,610087,289893007
1,628399,298593802
1,628167,298483669
1,629806,299262739
1,287572,136644772
1,582970,277007992
1,9379,4456370
1,159720,75893553
1,359531,170837304
1,584287,277633352
1,675468,320959830
1,8454,4016897
1,569831,270764479
1,582575,276820192
1,360110,171112135
1,454935,216169786
1,454579,216000696
1,566140,269011014
1,572586,272073613
1,365675,173756497
1,365674,173756281
1,566255,269065485
1,357665,169950443
1,574426,272948271
1,254900,121119908
1,236053,112164419
1,274065,130226338
1,48280,22940927
1,124886,59341704
1,112822,53609341
1,146015,69381436
1,637397,302869554
1,115646,54951025
1,127691,60674620
1,131663,62561835
1,246836,117288172
1,150483,71504344
1,134306,63817554
1,277873,132035795
1,147300,69991952
1,255009,121171818
1,249341,118478720
1,151359,71920816
1,281317,133672131
1,665357,316155487
1,602106,286100466
1,261714,124357746
1,656201,311804729
1,269380,128000247
1,644531,306259711
1,610180,289936960
1,643882,305951337
1,632666,300621533
1,660554,313873157
1,662891,314983429
1,358034,170125829
1,358560,170375723
1,567325,269573531
1,577793,274548153
1,580274,275726658
1,581925,276511421
1,593949,282224393
1,676322,321365539
1,588297,279539203
1,351730,167130432
1,359314,170733897
1,585639,278275831
1,591785,281196662
1,8338,3962099
1,9184,4363718
1,4279,2033003
1,348044,165378664
1,365014,173442364
1,362531,172262703
1,453047,215272961
1,389350,185005998
1,574793,273122498
1,626097,297500339
1,133145,63265963
1,237992,113085650
1,274915,130630096
1,610457,290068952
1,660581,313885900
1,624383,296686083
1,643997,306005988
1,662705,314895357
1,104576,49690833
1,109750,52149624
1,37839,17979678
1,48125,22867241
1,116078,55156425
1,112108,53269800
1,132891,63145416
1,130246,61888309
1,107548,51103171
1,107596,51125893
1,109551,52054721
1,123905,58875600
1,124412,59116037
1,125064,59426056
1,133501,63435261
1,133576,63471027
1,48973,23270338
1,48539,23064006
1,299593,142356510
1,650888,309279863
1,135673,64466843
1,253024,120228443
1,276403,131337517
1,603365,286698816
1,253127,120277660
1,46617,22150761
1,113819,54082949
1,132104,62771310
1,124434,59126754
1,124590,59200919
1,618368,293827618
1,235464,111884470
1,245668,116733035
1,294566,139967862
1,348213,165459260
1,361864,171945504
1,10507,4992405
1,1460,693742
1,5667,2692562
1,417637,198447193
1,4730,2247436
1,2015,957536
1,574495,272980811
1,593588,282053219
1,357949,170085059
1,587882,279341756
1,674250,320381066
1,579173,275203847
1,677150,321759102
1,388738,184715210
1,8012,3806736
1,361060,171563847
1,384905,182893874
1,652871,310222280
1,640916,304541735
1,620969,295063886
1,640957,304560931
1,640957,304561076
1,637847,303083561
1,102131,48529117
1,105152,49964742
1,135061,64176137
1,135087,64188663
1,129559,61562057
1,302585,143778201
1,305150,144997100
1,643496,305767875
1,657863,312594553
1,613401,291467690
1,613401,291467807
1,615190,292317559
1,615914,292661470
1,625606,297267058
1,616268,292829711
1,621088,295120194
1,644492,306241008
1,152252,72345159
1,125307,59541464
1,279123,132630030
1,109058,51820396
1,279013,132577295
1,301278,143157090
1,103835,49339067
1,130467,61993324
1,40133,19069966
1,46019,21866870
1,235286,111799911
1,109082,51831767
1,147825,70241282
1,125125,59454901
1,113979,54158779
1,285516,135667653
1,147508,70090883
1,147532,70102128
1,287956,136827038
1,639662,303946039
1,662611,314850479
1,119999,57019396
1,107788,51217310
1,597354,283842642
1,629786,299253134
1,638681,303480014
1,641903,305010699
1,642388,305241539
1,40984,19474219
1,41889,19903971
1,113254,53814460
1,142861,67882528
1,242546,115249630
1,658129,312720699
1,39375,18709475
1,45302,21525629
1,47712,22671041
1,46067,21889653
1,46652,22167321
1,137786,65471043
1,132311,62869819
1,39904,18960933
1,53565,25452119
1,46749,22213305
1,259850,123471703
1,43181,20518154
1,139115,66102879
1,151549,72010621
1,602636,286352443
1,614158,291827507
1,645146,306551676
1,651571,309604499
1,138435,65779513
1,250246,118908585
1,250328,118947501
1,40508,19248113
1,52892,25132598
1,265015,125925962
1,649210,308482665
1,40890,19429421
1,40574,19279469
1,128930,61263165
1,628442,298614456
1,246794,117267874
1,51386,24416886
1,51506,24473530
1,266729,126740611
1,266729,126740616
1,245367,116590086
1,632270,300433213
1,653003,310285048
1,653523,310532018
1,594301,282391586
1,598633,284450133
1,615257,292349393
1,604479,287228116
1,604481,287229402
1,597486,283905205
1,604920,287437677
1,234307,111334657
1,257884,122537736
1,659551,313396675
1,660603,313896420
1,610592,290132993
1,636296,302346653
1,643126,305592125
1,647740,307784374
1,650755,309217051
1,291166,138352504
1,300715,142889777
1,154976,73639401
1,110283,52402904
1,266374,126572074
1,263560,125234645
1,44132,20970058
1,126970,60331614
1,127515,60590722
1,241891,114938410
1,152597,72509020
1,153316,72850455
1,263745,125322676
1,658351,312826196
1,242498,115226713
1,642881,305475833
1,642803,305438444
1,40732,19354495
1,595976,283187792
1,285104,135471734
1,299833,142470537
1,302732,143848047
1,622382,295735085
1,627655,298240266
1,627156,298003529
1,135748,64503070
1,295219,140277840
1,609391,289562060
1,156890,74548774
1,365745,173789745
1,11554,5490028
1,11881,5645265
1,158182,75162671
1,387428,184092718
1,454984,216193132
1,416266,197795880
1,576885,274116630
1,4217,2003835
1,362203,172106441
1,9195,4369051
1,586763,278810166
1,7238,3438988
1,674763,320624860
1,386859,183822503
1,419437,199302369
1,593609,282063348
1,454665,216041623
1,161767,76865935
1,414762,197081014
1,359145,170653413
1,108216,51420512
1,48855,23214059
1,291579,138548559
1,43295,20572170
1,112467,53440484
1,250310,118938788
1,595021,282733761
1,240753,114397764
1,281134,133585306
1,629241,298994404
1,660673,313929357
1,245662,116730239
1,275437,130878226
1,281390,133706829
1,276229,131254543
1,280537,133301438
1,280302,133190154
1,632217,300408324
1,248969,118301736
1,633988,301249631
1,117424,55796047
1,127333,60504250
1,155849,74054186
1,303896,144400868
1,244612,116231148
1,104965,49875539
1,236512,112382362
1,150893,71699397
1,250279,118924219
1,292247,138865874
1,297236,141236697
1,624345,296667949
1,646562,307224796
1,651415,309530550
1,656579,311984627
1,650727,309203563
1,602116,286105125
1,631190,299920124
1,607702,288759728
1,140930,66965299
1,248010,117846074
1,265171,126000176
1,625809,297363674
1,52961,25165213
1,131668,62563950
1,289211,137423569
1,235010,111668848
1,293169,139304200
1,303736,144325302
1,144333,68582094
1,144718,68764846
1,234473,111413702
1,238377,113268683
1,234955,111642654
1,660540,313866567
1,653861,310693013
1,640801,304487241
1,300138,142615369
1,608625,289198087
1,145947,69349200
1,151679,72072836
1,154909,73607504
1,234592,111470223
1,234436,111396161
1,133594,63479444
1,287760,136733959
1,116589,55398874
1,244270,116068727
1,153530,72952253
1,269640,128123921
1,305842,145326002
1,102845,48868603
1,112091,53261721
1,272708,129581549
1,119221,56649523
1,153447,72912695
1,244964,116398755
1,120593,57301940
1,251019,119275953
1,120062,57049510
1,110678,52590430
1,645937,306927272
1,38405,18248557
1,50048,23780718
1,38035,18072645
1,44840,21306377
1,46875,22273234
1,104830,49811482
1,129383,61478714
1,291072,138307597
1,298327,141754950
1,623594,296310853
1,626717,297794794
1,635388,301914991
1,640426,304308978
1,655041,311253751
1,419395,199282058
1,364446,173172386
1,564305,268138904
1,159112,75604586
1,360899,171487198
1,565271,268598161
1,588437,279605717
1,11211,5326925
1,1240,589278
1,160751,76383233
1,11213,5327865
1,586100,278495060
1,161401,76692258
1,157309,74747687
1,356312,169307379
1,451954,214753520
1,389423,185040718
1,417259,198267419
1,3355,1593981
1,453980,215716109
1,564274,268124362
1,360023,171070737
1,808,383989
1,6607,3139107
1,357534,169888224
1,361281,171668754
1,359650,170893577
1,363281,172619098
1,583233,277132550
1,3650,1734382
1,358683,170434305
1,358867,170521243
1,359594,170866906
1,573912,272703727
1,582551,276808836
1,591672,281142748
1,451545,214559088
1,676207,321310672
1,157245,74717542
1,361558,171800164
1,419562,199361780
1,3481,1653970
1,384959,182919776
1,419801,199475430
1,676130,321274345
1,357332,169792281
1,142448,67686621
1,142539,67729817
1,143902,68377382
1,256054,121668383
1,270811,128680190
1,291868,138685774
1,585486,278203355
1,589294,280012543
1,364939,173406812
1,358090,170152218
1,454688,216052287
1,590676,280669504
1,586824,278839119
1,588127,279458360
1,593199,281868339
1,675334,320896147
1,357566,169903302
1,6612,3141761
1,158777,75445510
1,361574,171807530
1,569927,270810237
1,385151,183010907
1,358304,170253875
1,590671,280666807
1,587587,279201446
1,1976,938817
1,7873,3740721
1,9189,4366073
1,161429,76705475
1,452185,214863097
1,416888,198090857
1,564210,268093667
1,573466,272491888
1,574889,273168220
1,578151,274718050
1,589467,280095037
1,140413,66719430
1,109690,52120973
1,125072,59429849
1,149084,70839716
1,241122,114572930
1,275931,131113036
1,385438,183146963
1,574745,273099491
1,577966,274630059
1,360056,171086395
1,1684,799856
1,9683,4601155
1,159420,75750934
1,159839,75950263
1,364634,173261700
1,567633,269720333
1,570356,271014012
1,591173,280905593
1,590652,280657921
1,672244,319427795
1,672568,319581964
1,575265,273346621
1,626591,297735290
1,637873,303095609
1,638263,303281180
1,653544,310542309
1,268480,127572882
1,271150,128841450
1,273733,130068667
1,291337,138433370
1,300026,142562202
1,294608,139987986
1,299601,142360033
1,266205,126491728
1,631446,300041927
1,620444,294814208
1,46741,22209685
1,107707,51178743
1,571781,271691243
1,357821,170024368
1,388026,184376862
1,587689,279249850
1,590905,280778273
1,673669,320104995
1,672041,319331623
1,672362,319483978
1,674858,320669781
1,249451,118530426
1,269722,128162763
1,276520,131392953
1,646864,307368262
1,161259,76624555
1,453153,215323189
1,291670,138591739
1,603866,286936588
1,615343,292390456
1,630549,299615688
1,626047,297476657
1,630819,299744009
1,586785,278820508
1,349416,166030689
1,351173,166865839
1,7457,3543286
1,574551,273007345
1,2335,1109159
1,271,128471
1,3982,1891953
1,4106,1951091
1,454849,216128749
1,7518,3572101
1,158166,75155043
1,158213,75177607
1,416039,197687751
1,348903,165787089
1,388889,184787314
1,564107,268044620
1,569700,270702270
1,578770,275012267
1,9793,4653227
1,386567,183683741
1,386904,183843869
1,8662,4115980
1,564409,268188252
1,1383,657269
1,450295,213965100
1,416409,197863348
1,454511,215968482
1,388396,184552941
1,575084,273260745
1,417717,198485193
1,592778,281668326
1,587251,279041738
1,146,69129
1,350393,166495279
1,349088,165874681
1,589057,279900129
1,589599,280157506
1,2986,1418752
1,358875,170525233
1,356208,169258161
1,564044,268014772
1,417714,198483667
1,364408,173154597
1,578421,274846183
1,4490,2133444
1,6725,3195419
1,351509,167025205
1,3431,1630379
1,675239,320850942
1,1544,733301
1,1865,886211
1,349383,166014994
1,417350,198310551
1,454412,215921471
1,579133,275184374
1,386754,183772592
1,453254,215370771
1,578219,274750395
1,354033,168224612
1,385445,183150400
1,572146,271864691
1,454129,215786490
1,388102,184412856
1,566530,269196150
1,573098,272316779
1,572456,272011591
1,579284,275256523
1,355498,168920673
1,454954,216178697
1,387487,184120610
1,454486,215956549
1,575276,273351863
1,414444,196929892
1,2407,1143290
1,355436,168891289
1,157510,74843587
1,415488,197425914
1,584671,277815808
1,2375,1128652
1,5476,2602052
1,452896,215200896
1,566404,269136134
1,576255,273817140
1,590391,280533882
1,565005,268471364
1,571097,271366310
1,362579,172285293
1,579798,275500608
1,572231,271905088
1,574400,272935748
1,9572,4547942
1,579882,275540514
1,452025,214786881
1,451192,214391248
1,593403,281965198
1,571125,271379206
1,274207,130293633
1,288237,136960670
1,652558,310073590
1,656179,311794025
1,656290,311847234
1,6049,2874026
1,384635,182765809
1,386725,183758371
1,414812,197104741
1,672977,319776040
1,148724,70668372
1,149159,70875180
1,385081,182977487
1,593578,282048493
1,575671,273539434
1,673033,319802822
1,676041,321232275
1,357365,169807783
1,352390,167443982
1,355634,168985018
1,580207,275694708
1,389835,185236570
1,452455,214991420
1,574893,273170018
1,672371,319488040
1,156945,74574877
1,4471,2124435
1,348203,165454221
1,364200,173055628
1,354673,168528473
1,363997,172959150
1,815,387208
1,355656,168995698
1,357606,169922227
1,416680,197992249
1,454248,215843475
1,572608,272084087
1,582964,277004998
1,275396,130859005
1,596303,283343523
1,615892,292651219
1,36461,17324890
1,294872,140113282
1,280229,133155471
1,305083,144964982
1,38066,18087457
1,645644,306788386
1,155359,73821225
1,239297,113705948
1,594873,282663462
1,296869,141062133
1,118144,56137940
1,264762,125805846
1,662467,314781973
1,39253,18651536
1,278747,132451188
1,134240,63786271
1,132952,63174395
1,286335,136056631
1,289388,137507205
1,122042,57990224
1,123400,58635502
1,127268,60473505
1,135878,64564772
1,108776,51686474
1,119444,56755893
1,115966,55103334
1,134408,63866024
1,134409,63866347
1,127556,60610281
1,237525,112863964
1,120515,57264687
1,135403,64339035
1,133518,63443091
1,52606,24996670
1,136474,64847933
1,253952,120669534
1,130538,62027082
1,657140,312250621
1,284583,135224293
1,646088,306999413
1,36535,17359866
1,123571,58716710
1,627515,298174208
1,660766,313973927
1,46073,21892446
1,630874,299769986
1,632382,300486820
1,38048,18078901
1,155731,73998006
1,276965,131604304
1,626798,297833261
1,119483,56774437
1,135454,64363292
1,150615,71567041
1,251519,119513654
1,252059,119769866
1,659723,313478095
1,302575,143773470
1,600886,285520820
1,606622,288246477
1,625746,297333520
1,638752,303513385
1,647060,307461379
1,139551,66309762
1,597145,283743100
1,243856,115872205
1,277577,131895446
1,278462,132315649
1,280613,133338158
1,251350,119433110
1,648686,308233809
1,662257,314682344
1,237030,112628738
1,609227,289484376
1,644079,306044569
1,664138,315575956
1,607984,288893639
1,255230,121276403
1,53972,25645723
1,102255,48588187
1,131089,62288959
1,150693,71604306
1,253021,120227189
1,596192,283290540
1,598841,284549396
1,638074,303191455
1,661348,314250485
1,632519,300551997
1,610917,290287455
1,257764,122480869
1,616735,293051707
1,265464,126139640
1,277502,131859589
1,277503,131860307
1,659887,313556155
1,648093,307952328
1,37904,18010320
1,639455,303847773
1,607174,288508722
1,613836,291674378
1,660619,313904042
1,53411,25378914
1,102261,48590665
1,263714,125308179
1,290898,138224845
1,263533,125222036
1,677931,322130149
1,565338,268629628
1,5297,2517169
1,583538,277277749
1,349451,166047411
1,385580,183214634
1,564620,268288278
1,584499,277734517
1,389638,185142890
1,158263,75201035
1,160957,76481028
1,160177,76110335
1,674768,320627295
1,365611,173725706
1,3256,1547254
1,353476,167960147
1,590610,280637973
1,349220,165937525
1,417439,198352857
1,567357,269589232
1,676446,321424440
1,578707,274982210
1,568270,270022631
1,578040,274665322
1,292381,138929428
1,293492,139457251
1,296835,141045772
1,300088,142591492
1,249783,118688458
1,614761,292113909
1,615851,292631965
1,254744,121045563
1,268584,127622039
1,294967,140158427
1,613075,291312403
1,610193,289943439
1,254893,121116668
1,254981,121158296
1,649221,308488104
1,628509,298646447
1,657842,312584598
1,50986,24226595
1,103565,49210655
1,103799,49321627
1,124144,58988775
1,289079,137360724
1,617966,293636881
1,581791,276447703
1,364791,173336464
1,576131,273758389
1,357782,170006019
1,567714,269758585
1,588357,279567759
1,350410,166502989
1,579085,275161741
1,356055,169185402
1,358083,170148805
1,573712,272608631
1,585565,278240699
1,590758,280708233
1,590799,280728081
1,567145,269487971
1,350530,166559888
1,573796,272648406
1,111600,53028526
1,594131,282311149
1,600716,285440000
1,603099,286572640
1,603969,286985817
1,361072,171569197
1,9895,4701810
1,4920,2337719
1,568543,270152442
1,416892,198093001
1,455185,216288426
1,455894,216625465
1,567122,269477186
1,582463,276767008
1,453131,215312735
1,588946,279847369
1,582380,276727306
1,574658,273057984
1,581215,276173586
1,592169,281378811
1,450579,214100153
1,359751,170941668
1,591789,281198542
1,572707,272130950
1,619053,294153470
1,660838,314008027
1,600661,285414104
1,604149,287071237
1,614926,292192501
1,564211,268094101
1,417095,198189789
1,570895,271269830
1,593152,281846154
1,455730,216547506
1,351874,167198526
1,2290,1088130
1,698,331436
1,161393,76688742
1,362591,172291215
1,451200,214395086
1,576525,273945561
1,359785,170957663
1,452657,215087235
1,673703,320121307
1,590974,280811206
1,348814,165744540
1,578295,274786540
1,454333,215883496
1,586006,278450259
1,359910,171017017
1,454594,216007748
1,572413,271991566
1,582605,276834471
1,151,71567
1,216,102425
1,573635,272572256
1,578182,274732580
1,5198,2469949
1,364390,173145763
1,161215,76603658
1,359403,170775992
1,357458,169852144
1,588164,279475624
1,593629,282072459
1,159172,75633095
1,593344,281937309
1,352234,167369889
1,451538,214555549
1,451725,214644502
1,577326,274325848
1,592431,281503431
1,351713,167122111
1,362400,172200164
1,362400,172200211
1,574958,273200672
1,131800,62626868
1,276246,131262889
1,149301,70942998
1,659029,313148328
1,622615,295845651
1,365634,173736960
1,455326,216355905
1,589539,280129224
1,349364,166005945
1,455001,216201127
1,4643,2205935
1,417018,198152856
1,157283,74735547
1,352412,167454515
1,350481,166536669
1,351432,166988686
1,354643,168514356
1,354876,168625181
1,385525,183188584
1,590283,280482655
1,591993,281295062
1,589607,280161786
1,388112,184417865
1,608717,289242184
1,626149,297524718
1,616179,292787782
1,626775,297822440
1,109239,51906513
1,102850,48870962
1,140392,66709570
1,350399,166497905
1,453929,215691818
1,349394,166020473
1,354093,168252989
1,586490,278680145
1,581590,276352350
1,589336,280032683
1,583961,277478882
1,593449,281987184
1,156347,74290967
1,583844,277423153
1,672621,319606820
1,388456,184581339
1,389085,184879889
1,577563,274438548
1,591714,281162583
1,592021,281308297
1,676572,321484301
1,3714,1764712
1,363015,172492285
1,416315,197818816
1,10827,5144272
1,360789,171434972
1,360791,171436020
1,416082,197708080
1,414584,196996223
1,589676,280194425
1,3585,1703342
1,364773,173327904
1,352962,167715551
1,676064,321243106
1,676769,321578176
1,677624,321984398
1,1515,719592
1,6150,2922067
1,418667,198936404
1,589650,280181797
1,2948,1400824
1,11798,5605790
1,349509,166075102
1,416665,197985007
1,663423,315236154
1,38995,18529098
1,127990,60816729
1,125112,59448832
1,242244,115106255
1,251030,119280716
1,625492,297213060
1,637093,302725039
1,677242,321802959
1,677893,322111862
1,568237,270006941
1,386797,183792815
1,593486,282004547
1,672886,319732815
1,584549,277757966
1,419282,199228571
1,579891,275544777
1,388787,184738601
1,646670,307276000
1,605438,287683668
1,161858,76909587
1,159809,75936031
1,582768,276911893
1,352855,167664570
1,414825,197110971
1,349309,165979703
1,349901,166261477
1,358051,170133835
1,358055,170135529
1,363821,172875829
1,588253,279517916
1,384916,182899263
1,387297,184030377
1,9396,4464648
1,418606,198907443
1,356937,169604474
1,357903,170063553
1,577034,274186906
1,6615,3143070
1,156671,74444627
1,672863,319721935
1,2462,1169604
1,582607,276835200
1,570933,271288176
1,348607,165646292
1,355217,168787055
1,387155,183962934
1,566056,268970712
1,348982,165824505
1,365932,173878592
1,387777,184258509
1,573379,272450115
1,578477,274873218
1,354482,168437809
1,8692,4130256
1,455391,216386758
1,251984,119734387
1,649895,308808367
1,2342,1112575
1,454889,216148279
1,591528,281074208
1,577679,274493815
1,9277,4407708
1,5271,2504684
1,158789,75451108
1,360822,171450426
1,356723,169503084
1,357371,169810872
1,356872,169573421
1,588859,279805794
1,592164,281376572
1,584871,277910978
1,587204,279019554
1,593841,282173338
1,588613,279688903
1,2061,978939
1,9101,4324386
1,159721,75893665
1,160173,76108645
1,353008,167737442
1,568575,270167956
1,577515,274415702
1,414561,196985535
1,568031,269909619
1,9311,4424093
1,363465,172706436
1,357464,169854878
1,358360,170280504
1,358360,170280602
1,384973,182926018
1,452323,214928432
1,158298,75217819
1,365804,173817887
1,365806,173818726
1,10275,4882220
1,570705,271180035
1,416614,197960997
1,590308,280494483
1,454832,216121014
1,580989,276066648
1,674693,320591420
1,675650,321046272
1,160219,76130487
1,156645,74432324
1,363058,172512980
1,455488,216432661
1,589606,280161161
1,590213,280449771
1,672996,319785175
1,11216,5329229
1,385324,183093187
1,419423,199296002
1,575609,273510333
1,588493,279632010
1,672671,319630636
1,350233,166419067
1,362217,172113539
1,568273,270024163
1,580559,275862361
1,585851,278376710
1,575079,273258194
1,564627,268291809
1,588692,279726847
1,385859,183347243
1,583450,277236034
1,592305,281443497
1,578144,274714351
1,385180,183024715
1,354710,168546318
1,3067,1457184
1,362384,172192773
1,415855,197600245
1,6872,3265418
1,592116,281353737
1,418304,198764079
1,351827,167176278
1,3817,1813253
1,416740,198021122
1,419949,199545707
1,348470,165581028
1,365738,173786452
1,365538,173691393
1,5624,2672371
1,157724,74945110
1,357273,169763890
1,590779,280718274
1,161699,76834036
1,358108,170160669
1,364723,173304244
1,567346,269583782
1,583174,277104589
1,673007,319790429
1,9336,4436069
1,360841,171459660
1,361918,171971097
1,386824,183805829
1,651414,309530068
1,651430,309537714
1,623267,296155728
1,2912,1383755
1,359421,170784713
1,676718,321553868
1,675321,320889677
1,4100,1948140
1,363480,172713548
1,360449,171273476
1,161647,76809009
1,419839,199493193
1,675014,320743863
1,288460,137066627
1,627742,298282245
1,350786,166681753
1,353200,167829033
1,676891,321636053
1,359126,170644415
1,569382,270551109
1,580303,275740619
1,576456,273912527
1,576685,274021110
1,352719,167600129
1,672907,319742834
1,672907,319742918
1,676559,321478011
1,360772,171426930
1,567949,269870355
1,582652,276856554
1,451400,214489880
1,451605,214587623
1,6325,3005306
1,7070,3359204
1,349680,166156106
1,303067,144006986
1,609502,289615075
1,241006,114517994
1,272130,129306867
1,160435,76233070
1,414013,196724704
1,2957,1405059
1,11858,5634590
1,454908,216157009
1,676622,321508248
1,351721,167125680
1,584690,277825269
1,586267,278574176
1,157945,75050220
1,386609,183703857
1,387401,184080136
1,352641,167563170
1,427423,203097096
1,85417,40586896
1,309662,147140767
1,310593,147583419
1,340203,161652774
1,432612,205562647
1,429465,204067317
1,447497,212635716
1,321789,152903457
1,89637,42592654
1,339725,161426023
1,103753,49299510
1,111823,53134150
1,125702,59729021
1,133077,63233812
1,73433,34893095
1,312054,148277641
1,64630,30710131
1,73303,34830669
1,69686,33112465
1,19210,9127829
1,63950,30386760
1,66172,31442812
1,25731,12226491
1,70135,33325382
1,74110,35214434
1,30051,14279341
1,63325,30089829
1,311798,148155689
1,312120,148308901
1,443733,210847186
1,445876,211865319
1,62024,29471355
1,437643,207953036
1,670899,318788935
1,434332,206380237
1,445290,211586934
1,88135,41878816
1,439213,208699115
1,667987,317405157
1,670457,318578811
1,671822,319227342
1,270347,128459761
1,595287,282860297
1,632687,300631505
1,620769,294968549
1,655534,311487854
1,244652,116250273
1,622800,295933655
1,632976,300769023
1,23221,11033573
1,33250,15799261
1,78194,37155067
1,84114,39967958
1,91015,43246951
1,91017,43248069
1,433139,205813379
1,435644,207003582
1,105719,50234340
1,111068,52775692
1,109181,51878981
1,20473,9727756
1,25323,12032366
1,61069,29017857
1,81946,38938074
1,82803,39345121
1,87404,41531330
1,91645,43546665
1,94209,44764645
1,307376,146054846
1,316408,150346513
1,435599,206982265
1,440653,209383397
1,22776,10822328
1,308135,146415611
1,341836,162429202
1,63104,29984556
1,83999,39913474
1,81820,38877967
1,82273,39093044
1,320535,152307363
1,322082,153042281
1,341540,162288079
1,25191,11969734
1,87714,41678644
1,32568,15475100
1,33031,15694959
1,62511,29703104
1,433418,205945461
1,309579,147101329
1,448938,213320299
1,670076,318397873
1,20243,9618650
1,20849,9906588
1,78440,37271767
1,89293,42428795
1,99193,47133124
1,312979,148717105
1,339230,161190866
1,339164,161159111
1,434308,206368714
1,83699,39771004
1,321848,152931029
1,321126,152588299
1,443380,210679317
1,306785,145774065
1,72254,34332744
1,311127,147837167
1,64111,30463206
1,439509,208839844
1,306918,145837031
1,70012,33267448
1,95134,45204222
1,99346,47205854
1,426737,202771250
1,306225,145508047
1,311368,147951599
1,438653,208433358
1,18046,8574764
1,30322,14407724
1,19073,9062884
1,314473,149426630
1,430916,204756931
1,445135,211513329
1,445724,211793228
1,446359,212094461
1,435144,206765837
1,447606,212687391
1,67934,32279932
1,91522,43488166
1,99785,47414404
1,27901,13257441
1,340072,161590831
1,447964,212857561
1,449770,213715390
1,667247,317053312
1,61527,29235304
1,67300,31978719
1,93422,44390744
1,311306,147922125
1,312921,148689372
1,320788,152427523
1,125618,59689381
1,108891,51741308
1,37935,18025355
1,41215,19583663
1,341230,162141264
1,307031,145890985
1,19389,9212714
1,18344,8716315
1,433378,205926856
1,66595,31643707
1,312696,148582499
1,312619,148546146
1,315890,150099972
1,316205,150249875
1,341684,162356863
1,311538,148032403
1,85906,40819724
1,429768,204211252
1,69023,32797457
1,66652,31670575
1,67043,31856628
1,70209,33360740
1,317886,151048784
1,317669,150945571
1,23801,11309620
1,429453,204061778
1,433398,205936063
1,446264,212049737
1,320064,152083530
1,440985,209541079
1,447669,212717357
1,83006,39441624
1,83723,39782469
1,309628,147124728
1,322006,153006636
1,341967,162491251
1,438163,208200104
1,439289,208735339
1,666329,316617401
1,667903,317365000
1,62637,29762732
1,69122,32844402
1,426251,202540323
1,142717,67814325
1,143728,68294431
1,147305,69994589
1,234064,111219154
1,240226,114147068
1,237935,113058620
1,238916,113524965
1,320144,152121760
1,322136,153068042
1,32541,15462092
1,64486,30641711
1,70780,33632022
1,308812,146736863
1,77084,36627730
1,69358,32956307
1,72316,34362223
1,60233,28620485
1,338817,160994439
1,91708,43576287
1,306536,145655460
1,20432,9708527
1,75137,35702354
1,29715,14119532
1,70031,33276599
1,605203,287572047
1,603007,286528708
1,270007,128298247
1,602365,286223692
1,250789,119166207
1,338083,160645451
1,428024,203382332
1,433513,205990626
1,428767,203735695
1,20225,9610402
1,20884,9923086
1,91917,43675756
1,667294,317075630
1,24487,11635205
1,67006,31839099
1,321520,152775382
1,337940,160577436
1,337973,160593260
1,428277,203503066
1,443971,210960223
1,449253,213469873
1,666627,316758669
1,79535,37792403
1,80906,38443447
1,315260,149800698
1,443113,210552269
1,316465,150373172
1,436699,207504767
1,109012,51798806
1,118204,56166578
1,146970,69835032
1,34490,16388437
1,35244,16746662
1,18737,8903084
1,95696,45471253
1,445521,211696620
1,31547,14990288
1,61663,29300185
1,83780,39809482
1,319868,151990307
1,100436,47723453
1,431932,205239755
1,310868,147714088
1,428356,203540668
1,322421,153203888
1,429923,204285011
1,294921,140136333
1,619662,294442676
1,235713,112002980
1,299369,142250216
1,656798,312088229
1,650020,308867650
1,70358,33431832
1,341708,162368326
1,445078,211486050
1,25724,12223117
1,100109,47568464
1,101138,48057311
1,337193,160222979
1,341457,162248926
1,338972,161068131
1,433839,206145790
1,436476,207398693
1,437203,207743944
1,429503,204085385
1,60940,28956337
1,79907,37969374
1,91879,43657562
1,314897,149628404
1,321337,152688675
1,318948,151553429
1,88694,42144362
1,88695,42144693
1,93986,44659098
1,99811,47426498
1,427340,203057748
1,61131,29047503
1,66605,31648218
1,313790,149102448
1,437765,208011261
1,22802,10834657
1,22255,10574426
1,27988,13299079
1,75678,35959514
1,96917,46051636
1,433227,205855060
1,435986,207165655
1,24355,11572216
1,75571,35908745
1,68964,32769336
1,79529,37789477
1,60434,28716022
1,671074,318871855
1,62825,29852159
1,317251,150746921
1,73544,34945586
1,101821,48381488
1,336505,159895649
1,436569,207442753
1,95128,45201549
1,433449,205960213
1,67927,32276391
1,87243,41454923
1,445687,211775312
1,90729,43111306
1,448438,213082542
1,89590,42570125
1,100686,47842502
1,429376,204025126
1,433043,205767709
1,341373,162208741
1,437024,207658912
1,666445,316672288
1,666939,316907173
1,77626,36885171
1,78024,37074319
1,77621,36882729
1,427747,203250875
1,316741,150504367
1,319386,151761416
1,20259,9626325
1,32581,15481358
1,67285,31971531
1,433414,205943556
1,449330,213506280
1,62240,29574435
1,85222,40494572
1,71539,33992583
1,312421,148451673
1,70108,33312737
1,323878,153895939
1,62381,29641433
1,86121,40921738
1,311479,148004467
1,667562,317202856
1,86718,41205373
1,307529,146127584
1,25349,12045077
1,101036,48008989
1,72838,34609941
1,666311,316608576
1,339235,161192890
1,81824,38879864
1,94122,44723479
1,427723,203239566
1,443896,210924477
1,667125,316995405
1,669025,317898232
1,671026,318848987
1,73712,35025349
1,85772,40756065
1,95204,45237539
1,306974,145863592
1,307179,145961246
1,321149,152599468
1,322666,153319939
1,438266,208249318
1,90009,42769221
1,439942,209045852
1,38889,18478741
1,303413,144171690
1,135593,64429163
1,606764,288313987
1,352424,167460049
1,567173,269501664
1,576537,273951283
1,582541,276803960
1,583415,277219494
1,674285,320397966
1,358415,170306624
1,362835,172406940
1,564225,268100556
1,574667,273062734
1,417886,198565452
1,452257,214897043
1,674121,320319719
1,337278,160263137
1,336835,160052507
1,70484,33491664
1,310549,147562468
1,18620,8847295
1,340252,161676552
1,18531,8805416
1,25978,12343990
1,435247,206814697
1,96616,45908506
1,91384,43422704
1,97432,46296296
1,309274,146956601
1,432940,205718834
1,433435,205953626
1,444144,211042185
1,35534,16884382
1,70774,33629338
1,82287,39099773
1,84086,39954617
1,84921,40351529
1,341961,162488555
1,434581,206498361
1,440478,209300313
1,434714,206561696
1,63049,29958604
1,71110,33788888
1,85124,40448163
1,95260,45264382
1,100503,47755411
1,439959,209053700
1,20290,9640944
1,93791,44566535
1,446501,212162431
1,87760,41700309
1,91234,43351343
1,27921,13267264
1,19562,9294949
1,23514,11173040
1,23578,11203175
1,337619,160425036
1,447136,212464022
1,443933,210942301
1,667926,317375998
1,60147,28579932
1,76993,36584435
1,313296,148867696
1,435891,207120702
1,32921,15642821
1,91101,43287871
1,101272,48120931
1,336188,159745124
1,306859,145808932
1,20941,9950382
1,82654,39274470
1,89227,42397240
1,311054,147802551
1,315069,149710338
1,436235,207284293
1,316030,150166643
1,321225,152635414
1,322177,153087796
1,80746,38367570
1,309942,147273939
1,433916,206182221
1,622028,295566635
1,299506,142314991
1,628845,298806291
1,632461,300524154
1,19703,9362116
1,20424,9704760
1,85200,40484093
1,433160,205822881
1,439297,208739296
1,445045,211470148
1,446081,211962640
1,99263,47166279
1,84811,40299011
1,310665,147617355
1,310672,147620655
1,70060,33290101
1,34609,16444754
1,101176,48075569
1,90207,42863085
1,70520,33508346
1,70541,33518705
1,337966,160590356
1,340550,161817762
1,21630,10277762
1,24938,11849406
1,98640,46870327
1,307483,146105410
1,429203,203942791
1,609436,289583626
1,635074,301765929
1,275463,130890468
1,657121,312241761
1,445955,211902702
1,321265,152654022
1,99241,47156008
1,101325,48146056
1,447403,212591013
1,318341,151265024
1,439547,208858062
1,428751,203728142
1,307220,145980549
1,431497,205033038
1,312299,148393903
1,312614,148543440
1,427405,203088211
1,98568,46836037
1,430188,204410830
1,320110,152105687
1,320427,152255863
1,338434,160812477
1,447776,212767943
1,666670,316779513
1,436948,207623020
1,670087,318402711
1,449668,213667145
1,260368,123718004
1,260858,123950684
1,261223,124124215
1,261645,124324664
1,92746,44069639
1,101760,48352882
1,307897,146302416
1,306209,145500320
1,437146,207717171
1,83728,39784740
1,84891,40337150
1,89292,42428577
1,91611,43530363
1,315153,149750157
1,320655,152364346
1,101541,48248868
1,310161,147378203
1,30591,14535542
1,28288,13441299
1,323033,153494289
1,339393,161267938
1,441664,209864088
1,666663,316775950
1,88573,42086540
1,93714,44529584
1,94043,44685918
1,33449,15893746
1,86282,40998278
1,91642,43545373
1,339297,161222348
1,426865,202831804
1,428553,203633767
1,76395,36300102
1,97526,46341055
1,310059,147329522
1,667420,317135770
1,671963,319294588
1,26030,12368401
1,76469,36335593
1,70197,33355376
1,71835,34133643
1,71836,34134096
1,73892,35110913
1,75310,35784726
1,62422,29660776
1,67836,32233332
1,90235,42876575
1,436298,207314171
1,317620,150922104
1,320669,152371354
1,72544,34470328
1,316969,150613080
1,317627,150925783
1,319542,151835684
1,256031,121657195
1,280178,133131330
1,432319,205423379
1,33819,16069526
1,64167,30489977
1,71948,34187124
1,22435,10660131
1,448109,212926191
1,64377,30589877
1,667317,317086609
1,240861,114448985
1,286702,136231191
1,128339,60982137
1,140854,66929106
1,32589,15485296
1,22105,10503179
1,24119,11460444
1,72817,34600139
1,61771,29351189
1,72070,34245221
1,72565,34480486
1,72980,34677647
1,317532,150880431
1,448704,213208952
1,311372,147953352
1,314008,149206002
1,444733,211322180
1,447722,212742222
1,667055,316962105
1,667646,317243000
1,317249,150746286
1,438215,208225269
1,447281,212533226
1,39940,18977921
1,155651,73960338
1,236347,112303962
1,237941,113061806
1,245277,116547490
1,74556,35426345
1,82495,39198548
1,89907,42720688
1,28067,13336429
1,444935,211418399
1,442737,210373520
1,78106,37113246
1,28594,13586741
1,68430,32515566
1,87083,41378653
1,339227,161189560
1,110135,52332345
1,60152,28581915
1,310604,147588703
1,24148,11474276
1,322212,153104336
1,27853,13234681
1,77099,36634838
1,91399,43429711
1,100741,47868299
1,426401,202611684
1,68485,32541521
1,18382,8734639
1,446044,211945320
1,25982,12345676
1,22905,10883593
1,96257,45737891
1,317161,150704010
1,90320,42917101
1,310953,147754388
1,319997,152052032
1,323042,153498767
1,447263,212524508
1,448659,213187503
1,336899,160083328
1,25753,12236497
1,308146,146420538
1,73490,34920009
1,426424,202622314
1,100808,47900490
1,432557,205536446
1,71693,34066295
1,84603,40200570
1,441526,209798205
1,316691,150480839
1,25643,12184644
1,28435,13511266
1,30373,14431912
1,31782,15101556
1,63073,29970089
1,21298,10120169
1,313641,149031634
1,18724,8897101
1,33335,15839696
1,84040,39932719
1,306791,145776999
1,317829,151021886
1,98132,46628971
1,99606,47329371
1,68816,32699029
1,73970,35148125
1,26812,12740160
1,75167,35716923
1,89333,42448112
1,323835,153875723
1,428608,203660201
1,447306,212544798
1,319984,152045911
1,436104,207221957
1,668626,317708647
1,18074,8587968
1,63947,30385479
1,60829,28903565
1,63274,30065666
1,322503,153242448
1,341480,162259499
1,432541,205528594
1,438304,208267506
1,669535,318140452
1,95312,45289034
1,315122,149735143
1,92239,43828489
1,308369,146526460
1,90903,43193983
1,90904,43194557
1,101806,48374644
1,671268,318964010
1,429101,203894704
1,73463,34906935
1,430278,204453671
1,319351,151744738
1,100401,47707111
1,447755,212758362
1,18186,8641280
1,19947,9477847
1,61481,29213653
1,323003,153480308
1,95749,45496779
1,24266,11530361
1,78007,37065852
1,80203,38109511
1,314699,149534258
1,315881,150096072
1,317709,150964852
1,28360,13475691
1,75536,35891794
1,310415,147499012
1,437980,208113560
1,310580,147576881
1,426805,202803421
1,428746,203725569
1,441520,209795459
1,317322,150780703
1,69463,33006238
1,83167,39518030
1,83172,39520402
1,248037,117858571
1,248927,118281824
1,430989,204791539
1,63934,30379200
1,78220,37167535
1,432425,205474172
1,442011,210028823
1,442065,210054626
1,427945,203345146
1,438994,208595314
1,76685,36438354
1,83858,39846105
1,336629,159954857
1,668054,317436716
1,62092,29503773
1,32661,15519146
1,100039,47535043
1,313160,148802845
1,319022,151588313
1,426670,202739218
1,432950,205723233
1,426058,202448740
1,69752,33143507
1,433643,206052705
1,30871,14668831
1,34605,16443081
1,336310,159803258
1,431948,205247138
1,431950,205248241
1,447907,212830520
1,315887,150099019
1,337443,160341632
1,22623,10749362
1,99235,47153148
1,97251,46210568
1,323300,153621428
1,61766,29349094
1,32915,15640170
1,61094,29029760
1,74258,35284679
1,89139,42356005
1,309879,147243952
1,81500,38726038
1,84381,40094895
1,91778,43609634
1,91807,43623672
1,426524,202669927
1,426526,202670835
1,431858,205204473
1,306678,145723066
1,435065,206728167
1,442451,210237828
1,307663,146191197
1,24443,11614289
1,26601,12640014
1,98118,46622177
1,14324,6806223
1,373977,177701282
1,423597,201279308
1,379984,180555510
1,335795,159558791
1,557969,265128196
1,549019,260875292
1,551762,262178768
1,553717,263107456
1,553801,263147470
1,81655,38799609
1,428498,203607809
1,93979,44655365
1,29203,13875944
1,86944,41312772
1,61204,29081846
1,88584,42092093
1,21121,10035715
1,25408,12073125
1,28749,13660478
1,68152,32383472
1,318241,151217452
1,599505,284864837
1,12721,6044183
1,376345,178826428
1,14192,6743152
1,16877,8019232
1,17273,8207686
1,331484,157509785
1,546482,259669856
1,331727,157625677
1,58985,28027436
1,328151,155926497
1,686158,326039383
1,375876,178603520
1,557506,264908087
1,670169,318442022
1,27550,13090708
1,19219,9131962
1,31915,15164543
1,83322,39591597
1,70176,33345094
1,90855,43171129
1,436826,207564855
1,30806,14637736
1,309169,146906811
1,73473,34911764
1,311173,147858801
1,445107,211499715
1,420129,199631060
1,548307,260537003
1,382221,181618606
1,376997,179136417
1,424681,201793817
1,333827,158623194
1,422153,200592877
1,379729,180434510
1,383124,182047548
1,334612,158996373
1,332919,158191796
1,546425,259643091
1,85262,40513609
1,85190,40479390
1,92529,43966606
1,340281,161690104
1,336941,160102977
1,428120,203428238
1,669255,318007808
1,439696,208928782
1,37803,17962388
1,44811,21292314
1,105623,50188291
1,148773,70691630
1,88624,42111015
1,101098,48038358
1,89793,42666702
1,77217,36690902
1,80405,38205662
1,310041,147320946
1,74626,35459846
1,372785,177135054
1,372449,176975089
1,372539,177017945
1,372454,176977741
1,115951,55095864
1,117428,55797951
1,117465,55815197
1,128583,61098216
1,117803,55975989
1,374331,177869259
1,13409,6371606
1,57796,27462689
1,59458,28252583
1,16379,7782935
1,58979,28025089
1,375212,178288199
1,383111,182041520
1,420705,199904978
1,328461,156073443
1,374926,178152430
1,557549,264928675
1,686667,326281090
1,551456,262033485
1,334838,159103587
1,423482,201224609
1,549442,261076672
1,382430,181717637
1,556854,264598332
1,557838,265065885
1,555817,264105352
1,556730,264539437
1,325427,154632132
1,383816,182376628
1,54413,25855137
1,378925,180052468
1,376846,179064484
1,378813,179999149
1,556714,264531696
1,423377,201174741
1,372747,177116775
1,381420,181237930
1,55126,26193711
1,330147,156874939
1,16644,7908646
1,55235,26245824
1,373256,177358708
1,15894,7552165
1,685511,325732068
1,330413,157001267
1,331226,157387294
1,378811,179998338
1,56140,26675870
1,425128,202006715
1,56468,26831666
1,332534,158008710
1,16070,7635513
1,325733,154777425
1,331420,157479687
1,684807,325397082
1,378568,179882902
1,422005,200522382
1,554900,263669800
1,381398,181227565
1,57579,27359556
1,334517,158951374
1,377808,179521607
1,326426,155106431
1,422747,200875006
1,686038,325982346
1,423000,200995393
1,377630,179437075
1,325286,154564820
1,557491,264900748
1,557491,264901099
1,54481,25887419
1,55801,26514534
1,56594,26891187
1,12967,6161196
1,57862,27493939
1,547823,260307421
1,422441,200730078
1,334043,158726169
1,421060,200073428
1,424520,201717782
1,686018,325972786
1,555414,263914206
1,378382,179794218
1,12183,5788716
1,13048,6200060
1,376946,179112205
1,379164,180166080
1,17197,8171264
1,327850,155783098
1,59810,28419606
1,374592,177993528
1,382641,181818304
1,330681,157128248
1,15319,7278772
1,334185,158793593
1,376135,178726756
1,14182,6738949
1,13258,6299666
1,325940,154875598
1,377815,179524797
1,377816,179525314
1,16046,7624492
1,555083,263756890
1,425367,202120185
1,550579,261616393
1,546963,259898241
1,13371,6353378
1,374131,177774310
1,326222,155009556
1,332331,157912684
1,372018,176770378
1,373648,177545036
1,372167,176841313
1,375058,178215174
1,376230,178771733
1,421786,200418734
1,425414,202142549
1,133761,63558860
1,554699,263574498
1,331610,157569662
1,331656,157591722
1,382601,181799393
1,554267,263369396
1,551106,261866988
1,684366,325187772
1,422955,200974113
1,12435,5908645
1,381056,181064956
1,422935,200964312
1,330171,156886086
1,383381,182169766
1,554057,263269526
1,381292,181176998
1,54417,25856950
1,554480,263469997
1,56157,26683582
1,56320,26761266
1,234976,111652501
1,286294,136037139
1,636235,302317626
1,298954,142053149
1,332506,157995583
1,377323,179291175
1,685791,325864977
1,56493,26843222
1,15263,7252565
1,13166,6255935
1,330571,157076230
1,381489,181270875
1,373425,177438768
1,424462,201690052
1,17190,8168115
1,424541,201727696
1,282754,134355188
1,278881,132514694
1,278825,132488098
1,285949,135873232
1,293985,139691676
1,300947,143000015
1,293032,139239087
1,302109,143551807
1,304941,144897528
1,646489,307189680
1,658337,312819940
1,18295,8692980
1,66784,31733482
1,73422,34887533
1,20071,9537081
1,20206,9600919
1,426614,202712779
1,323176,153562492
1,436331,207330170
1,441866,209959641
1,444007,210976936
1,669689,318214078
1,330314,156953944
1,420679,199892612
1,684755,325372639
1,373907,177667951
1,551655,262128203
1,553948,263217764
1,423001,200995639
1,425732,202293402
1,549979,261331646
1,147404,70041235
1,270746,128649221
1,57074,27119494
1,57152,27156343
1,58646,27866230
1,59925,28474370
1,423273,201124971
1,335458,159398206
1,382025,181525684
1,382464,181734026
1,557852,265072527
1,324184,154041303
1,684453,325229356
1,330292,156943645
1,383179,182073696
1,15197,7221272
1,13736,6526499
1,421671,200363734
1,54774,26026597
1,423019,201004339
1,425381,202126972
1,616737,293052830
1,621779,295448688
1,612125,290861390
1,618517,293898699
1,631469,300053213
1,638224,303262548
1,372589,177041699
1,425893,202369892
1,557302,264811285
1,425911,202378471
1,58631,27859396
1,378029,179626841
1,379344,180251460
1,421178,200129802
1,59394,28221835
1,325857,154836280
1,326611,155194222
1,327062,155408705
1,547484,260145928
1,557065,264698425
1,686564,326232089
1,550314,261490738
1,553757,263126783
1,380182,180649719
1,420824,199961426
1,420848,199972767
1,54323,25812209
1,375801,178568135
1,423946,201445177
1,551331,261974055
1,378178,179697502
1,46368,22032478
1,51812,24618979
1,103081,48980297
1,124062,58949995
1,124272,59049745
1,125986,59864124
1,554156,263316421
1,56317,26759869
1,12394,5889201
1,375179,178272355
1,375326,178342226
1,333186,158318831
1,327617,155672843
1,12340,5863324
1,330778,157174660
1,332518,158001238
1,549977,261330738
1,54201,25754394
1,548494,260626011
1,325737,154779183
1,380014,180570048
1,55565,26402812
1,327719,155721343
1,13552,6439377
1,686329,326120271
1,330754,157163390
1,334639,159008851
1,334687,159031701
1,56011,26614220
1,12046,5723673
1,12149,5772571
1,16555,7866101
1,333941,158677404
1,548908,260822643
1,377231,179247340
1,375755,178545997
1,12302,5845523
1,326528,155154794
1,328931,156296892
1,373067,177269101
1,380575,180836161
1,331245,157396354
1,329359,156500353
1,334007,158709131
1,334362,158877630
1,372659,177075271
1,324278,154085837
1,557309,264814581
1,557401,264857927
1,684775,325382294
1,69531,33038767
1,69633,33087367
1,70867,33673293
1,341570,162302331
1,84580,40189773
1,83481,39667223
1,84215,40016105
1,86929,41305428
1,91882,43658994
1,298203,141696019
1,135474,64372721
1,146693,69703724
1,114535,54422850
1,114538,54424746
1,74872,35576637
1,32377,15384388
1,60182,28596265
1,431463,205016577
1,435080,206735203
1,323564,153746470
1,316921,150590292
1,67252,31955619
1,312033,148267521
1,24761,11765602
1,70669,33579082
1,75693,35966859
1,76340,36274155
1,101437,48199271
1,308128,146412188
1,668581,317687021
1,449558,213614917
1,78408,37256863
1,339135,161145729
1,18108,8604296
1,92300,43857489
1,68400,32501193
1,78490,37295690
1,307675,146196936
1,94775,45034054
1,339859,161489352
1,443073,210533598
1,449231,213459455
1,36474,17331189
1,664379,315690628
1,144481,68652438
1,664738,315861412
1,659306,313279952
1,61025,28996764
1,100882,47935776
1,89238,42402798
1,312937,148697035
1,443840,210897867
1,434081,206260944
1,21680,10301564
1,35307,16776843
1,62514,29704359
1,32819,15594578
1,65208,30984555
1,64348,30576151
1,81296,38628809
1,82893,39387928
1,80931,38455443
1,81358,38658340
1,80894,38437970
1,63250,30054422
1,86923,41302672
1,317508,150869032
1,318287,151239173
1,66335,31519902
1,72115,34266345
1,338452,160821166
1,311548,148037176
1,321677,152850240
1,668518,317657318
1,318668,151420479
1,317305,150772707
1,340615,161848796
1,440093,209117628
1,670807,318745093
1,26055,12380295
1,26272,12483519
1,26415,12551170
1,31160,14806005
1,71158,33811609
1,96316,45766166
1,97861,46499817
1,309500,147063926
1,445075,211484588
1,427621,203190872
1,55675,26454604
1,56523,26857946
1,557937,265112799
1,57027,27097283
1,56419,26808158
1,58922,27997756
1,331444,157491030
1,549607,261154608
1,375038,178205203
1,377977,179602077
1,547925,260355600
1,57959,27540270
1,334999,159180268
1,377145,179206847
1,552206,262389714
1,685701,325822138
1,17975,8541078
1,58535,27813958
1,423369,201170970
1,56258,26731647
1,56263,26734268
1,546237,259553349
1,549305,261011576
1,411436,195500704
1,392747,186620029
1,409787,194717102
1,366811,174296037
1,410026,194830423
1,399308,189737737
1,544703,258824462
1,399677,189913339
1,367543,174644047
1,404384,192149481
1,558428,265346115
1,396874,188581204
1,392120,186322136
1,411973,195755704
1,542032,257555335
1,403747,191847094
1,402297,191158046
1,558931,265585392
1,398505,189356278
1,342869,162919684
1,541469,257288052
1,366295,174051026
1,540850,256993906
1,563821,267908562
1,404237,192079761
1,403641,191796651
1,561491,266802011
1,563663,267833645
1,412880,196186437
1,368983,175328163
1,400262,190191213
1,369680,175659474
1,544729,258837100
1,562750,267399769
1,342138,162572372
1,367241,174500817
1,369815,175723566
1,391756,186149137
1,402703,191351015
1,394015,187222385
1,406996,193390604
1,412202,195864632
1,408878,194284823
1,392909,186697315
1,411228,195401744
1,397850,189044780
1,343293,163121128
1,393159,186816139
1,561630,266867688
1,392096,186310924
1,14596,6935428
1,425255,202066816
1,425584,202223083
1,17408,8271690
1,557888,265089386
1,17055,8103630
1,383080,182026621
1,17071,8111271
1,412245,195885173
1,399644,189897517
1,399645,189897937
1,343567,163251470
1,370807,176194947
1,544693,258819542
1,347735,165231912
1,413201,196339539
1,402580,191292636
1,541232,257175275
1,400302,190210023
1,543819,258404581
1,390209,185414132
1,542834,257936492
1,561201,266664089
1,342172,162588481
1,559239,265731663
1,397714,188980445
1,408892,194291518
1,342483,162736263
1,342750,162863198
1,542599,257824812
1,396643,188471092
1,406051,192941516
1,399955,190045197
1,399825,189983334
1,412696,196099450
1,390653,185625372
1,406316,193067869
1,396753,188523577
1,408552,194130164
1,411317,195443871
1,400190,190156617
1,562111,267096316
1,562113,267097304
1,562730,267390379
1,394058,187243108
1,346333,164565767
1,347346,165047021
1,404662,192281870
1,390441,185524227
1,371354,176454619
1,560680,266416528
1,345452,164147215
1,346724,164751365
1,402619,191310942
1,408208,193966550
1,410228,194926333
1,558244,265258752
1,561548,266828546
1,347872,165297227
1,347679,165205092
1,559493,265852617
1,409462,194562495
1,542851,257944270
1,545090,259008396
1,399160,189667320
1,392061,186293987
1,543924,258454327
1,543568,258285274
1,561778,266937964
1,545028,258979015
1,342985,162974804
1,540492,256823746
1,542938,257985967
1,392009,186269697
1,344617,163750548
1,403618,191785971
1,410795,195195955
1,367991,174856776
1,368210,174961029
1,370658,176123978
1,402004,191018822
1,403984,191959608
1,399180,189676821
1,545002,258966745
1,558751,265499597
1,558300,265285519
1,345914,164366583
1,562697,267374698
1,347757,165242421
1,542926,257980337
1,409151,194414729
1,413576,196517533
1,394287,187352168
1,396057,188192785
1,390252,185434649
1,404713,192305791
1,412658,196081347
1,326353,155072023
1,374149,177783090
1,374072,177746607
1,377851,179541868
1,380424,180764614
1,383499,182225852
1,376425,178864428
1,377583,179414583
1,380695,180893531
1,15532,7380406
1,16094,7647277
1,326283,155038903
1,551452,262031351
1,13427,6379852
1,328143,155922307
1,381284,181173049
1,57378,27263942
1,57378,27263946
1,324610,154243523
1,395712,188029012
1,398402,189306983
1,541161,257141514
1,542004,257542232
1,411728,195639034
1,397914,189075358
1,347623,165178395
1,346201,164503110
1,559508,265859498
1,558667,265459764
1,371125,176345875
1,366582,174187543
1,544433,258696390
1,343216,163084918
1,405960,192898572
1,413229,196352303
1,561328,266724329
1,563969,267979231
1,558721,265485184
1,369395,175523951
1,423783,201367316
1,425842,202345652
1,553972,263229140
1,326523,155152943
1,325498,154665783
1,382061,181542738
1,381327,181194011
1,59399,28224570
1,59843,28435389
1,333063,158260165
1,377122,179195701
1,550496,261577423
1,250231,118901285
1,645095,306527789
1,376015,178669813
1,380882,180982138
1,554869,263655088
1,326159,154979889
1,422678,200842213
1,548179,260476115
1,556628,264491083
1,335761,159542088
1,420008,199573701
1,330917,157240905
1,333838,158628759
1,548002,260391966
1,373274,177367425
1,376665,178978327
1,54280,25792063
1,54488,25890619
1,383390,182173994
1,375867,178599353
1,381197,181131909
1,420527,199820540
1,547432,260121337
1,424100,201517881
1,381003,181039679
1,381003,181039795
1,423279,201128142
1,330327,156960023
1,13227,6284763
1,686102,326012396
1,333585,158508129
1,334695,159035682
1,552909,262723647
1,411943,195741449
1,543465,258236131
1,368777,175230593
1,370308,175958018
1,347991,165353843
1,544312,258638641
1,345303,164076203
1,404240,192081295
1,541783,257436867
1,561596,266851323
1,563762,267880736
1,371443,176497345
1,543777,258384679
1,407218,193496302
1,412512,196011731
1,393388,186924535
1,345486,164163420
1,543509,258257342
1,408856,194274833
1,560290,266231045
1,343338,163142729
1,371085,176327135
1,412997,196242139
1,378703,179946950
1,423502,201233944
1,631611,300120215
1,636416,302403268
1,652620,310103111
1,643380,305712634
1,643501,305770235
1,374006,177715182
1,15526,7377334
1,330363,156977389
1,375574,178460184
1,57616,27377132
1,551826,262209244
1,549076,260902413
1,424658,201783108
1,335289,159318068
1,548561,260657851
1,548823,260782443
1,555002,263718046
1,555952,264169536
1,556026,264204920
1,556631,264492600
1,556631,264492631
1,375321,178340026
1,54014,25665250
1,332746,158109788
1,685717,325829742
1,549055,260892583
1,413325,196398078
1,400409,190261177
1,408095,193913023
1,399552,189853721
1,406030,192931676
1,542228,257648735
1,410884,195238281
1,343877,163398728
1,407090,193435246
1,396477,188392648
1,366221,174016124
1,395647,187997793
1,403060,191520832
1,412064,195798737
1,12236,5813853
1,14571,6923700
1,376277,178794142
1,334981,159171487
1,47176,22416465
1,106353,50535404
1,130496,62007000
1,287902,136801348
1,286513,136141216
1,120250,57138573
1,43569,20702226
1,117458,55811910
1,118541,56326873
1,46531,22109711
1,49359,23453659
1,557405,264860104
1,553099,262814193
1,552791,262667651
1,13009,6181322
1,17830,8472260
1,334197,158798999
1,55158,26209103
1,329451,156543884
1,329515,156574174
1,330559,157070627
1,334089,158747709
1,376080,178700662
1,380377,180742052
1,420764,199932811
1,381886,181459244
1,684449,325227420
1,344001,163457497
1,411112,195346700
1,395098,187737236
1,410978,195282997
1,343537,163237257
1,395547,187950441
1,396256,188287435
1,544300,258633221
1,400702,190400045
1,369844,175737470
1,345296,164072850
1,366439,174119304
1,390823,185705997
1,544361,258662345
1,342957,162961788
1,541591,257345696
1,563477,267745254
1,413954,196697182
1,545727,259310916
1,369245,175453008
1,370451,176025940
1,398342,189278831
1,344025,163469055
1,392813,186651672
1,404348,192132632
1,333147,158300084
1,375166,178266306
1,552021,262301750
1,13444,6388224
1,333431,158435023
1,326235,155015733
1,342981,162973038
1,395038,187708718
1,398479,189343909
1,410483,195047831
1,543435,258222139
1,368633,175161935
1,562272,267172832
1,409385,194526242
1,393349,186906021
1,411650,195602304
1,411075,195329044
1,201949,95959020
1,456366,216849876
1,460321,218728886
1,485761,230817061
1,511129,242871508
1,170137,80843353
1,204417,97131890
1,218077,103622472
1,218077,103622868
1,170245,80894416
1,214493,101920138
1,226892,107811411
1,456172,216757655
1,181835,86402085
1,206553,98146942
1,187430,89060328
1,183160,87031410
1,228427,108540548
1,228428,108541011
1,192659,91544888
1,168432,80033034
1,473949,225204398
1,477154,226727359
1,477874,227069888
1,495916,235642783
1,526397,250126220
1,228873,108752652
1,172412,81924478
1,231021,109773205
1,177995,84577268
1,178734,84928231
1,198765,94446572
1,459553,218364123
1,459925,218540744
1,184687,87757032
1,192399,91421714
1,207884,98779271
1,488546,232140629
1,201401,95698760
1,681735,323937443
1,533651,253573192
1,195253,92777288
1,208843,99235033
1,223292,106100489
1,468761,222739484
1,682907,324494877
1,199594,94840222
1,213593,101492148
1,219213,104162643
1,216827,103028728
1,217630,103410199
1,216919,103072460
1,201883,95927723
1,196201,93227794
1,196394,93319819
1,225199,107007029
1,224405,106629867
1,516343,245348619
1,473258,224876037
1,473261,224877612
1,211722,100603041
1,218657,103898698
1,171843,81654044
1,192547,91491913
1,467935,222346963
1,209734,99658566
1,209907,99740750
1,457975,217614482
1,489529,232607597
1,405028,192455698
1,406768,193282737
1,371987,176756031
1,409169,194423211
1,402490,191249704
1,544598,258774475
1,370910,176244116
1,397700,188973813
1,390380,185495566
1,410609,195107834
1,563752,267875972
1,368077,174897904
1,406142,192985146
1,402860,191425434
1,391391,185975670
1,394465,187436325
1,397166,188719676
1,405109,192494204
1,369980,175801765
1,544921,258928164
1,173722,82546736
1,230824,109679616
1,521924,248000603
1,521924,248000977
1,520041,247106092
1,521701,247894459
1,191902,91185467
1,196865,93543850
1,462895,219952245
1,203336,96618089
1,174226,82786246
1,223392,106148315
1,477915,227089153
1,529319,251514588
1,208078,98871683
1,208078,98871685
1,208078,98871723
1,230938,109734130
1,178923,85017905
1,206691,98212797
1,207924,98798456
1,466834,221823770
1,475263,225828933
1,398707,189452128
1,347241,164997203
1,406648,193225246
1,366073,173945248
1,398260,189239682
1,398087,189157763
1,344080,163495206
1,405331,192599561
1,368771,175227461
1,345563,164199851
1,405768,192807355
1,347327,165038013
1,404471,192191263
1,368463,175081284
1,401179,190626813
1,397426,188843495
1,233412,110909432
1,525301,249605195
1,171009,81257866
1,508708,241721263
1,526437,250145417
1,494894,235156806
1,520915,247521380
1,536427,254892120
1,162035,76993848
1,212516,100980363
1,178499,84816643
1,200145,95102247
1,479662,227919202
1,529288,251500110
1,533127,253323946
1,464468,220699587
1,464590,220757658
1,463999,220476691
1,223805,106344852
1,460958,219031756
1,492591,234062605
1,524355,249155892
1,168638,80131165
1,221570,105282385
1,221559,105277298
1,495371,235383887
1,231574,110035979
1,468148,222448380
1,513784,244132858
1,502917,238969319
1,513926,244200538
1,513136,243825029
1,200774,95400813
1,516999,245660535
1,394405,187407755
1,342554,162769933
1,409064,194373666
1,543823,258406222
1,542913,257974068
1,400747,190421343
1,396383,188347812
1,402044,191037906
1,411828,195686823
1,561283,266702983
1,561923,267007306
1,563797,267897555
1,399997,190065006
1,561315,266717937
1,371617,176579871
1,390532,185567535
1,369440,175545439
1,401423,190742822
1,543622,258311106
1,344739,163808463
1,345115,163986677
1,345855,164338869
1,369951,175788502
1,367665,174702197
1,197419,93806636
1,456544,216934456
1,487842,231806185
1,457160,217227213
1,465917,221388433
1,479548,227865242
1,488378,232060962
1,183447,87167874
1,509864,242270434
1,679785,323010847
1,470942,223775807
1,526189,250027076
1,531647,252620663
1,534567,254008196
1,531955,252767183
1,517980,246126728
1,518253,246256416
1,527353,250580345
1,529587,251642128
1,208916,99269775
1,163240,77565925
1,221878,105428884
1,224811,106822526
1,543392,258201740
1,370421,176011491
1,411514,195537874
1,401422,190742370
1,394891,187638786
1,165316,78552365
1,169301,80445915
1,169580,80578698
1,193006,91710192
1,193233,91817694
1,231782,110134928
1,483517,229750915
1,187045,88877545
1,178357,84748875
1,212245,100851671
1,208928,99275453
1,233468,110936074
1,233470,110937340
1,186790,88756105
1,507535,241163544
1,490474,233056934
1,476820,226568907
1,493516,234502526
1,539486,256345501
1,561538,266824259
1,346336,164567123
1,346523,164656297
1,561395,266756421
1,545135,259029904
1,371794,176663919
1,345065,163963233
1,560945,266542383
1,538676,255960822
1,538676,255960836
1,538898,256066409
1,518245,246252456
1,519545,246870353
1,218946,104035601
1,458776,217995173
1,463049,220025186
1,489891,232779932
1,457485,217381426
1,465201,221047667
1,482817,229418611
1,482958,229485448
1,488528,232132002
1,678270,322291272
1,680613,323404716
1,500796,237961375
1,531722,252656443
1,499601,237393836
1,204505,97173720
1,531911,252746466
1,519510,246853723
1,195344,92820554
1,195346,92821582
1,464854,220882910
1,465407,221145739
1,207150,98430612
1,468087,222418997
1,512630,243584406
1,511133,242873356
1,513440,243969277
1,163799,77831888
1,458830,218020669
1,529744,251716621
1,533039,253282353
1,682617,324356732
1,466586,221705703
1,520193,247178538
1,229634,109114478
1,169036,80320192
1,483365,229678942
1,224263,106562240
1,482151,229101916
1,198239,94196363
1,165693,78731892
1,168294,79967537
1,169645,80609683
1,508623,241680552
1,512688,243612216
1,342377,162686090
1,342787,162880605
1,366663,174226068
1,559200,265713072
1,391479,186017495
1,404108,192018480
1,561592,266849613
1,563852,267923764
1,401988,191011141
1,409639,194646324
1,397601,188926691
1,413360,196414698
1,541081,257103450
1,370105,175861475
1,398461,189334995
1,409354,194511557
1,391671,186108666
1,412766,196132658
1,413588,196523314
1,345959,164387923
1,399993,190063380
1,392127,186325616
1,367222,174491777
1,410356,194987384
1,400010,190071177
1,409411,194538388
1,499051,237132303
1,502136,238598333
1,503333,239166915
1,682516,324308841
1,512906,243715694
1,468424,222579625
1,184331,87587988
1,189001,89806556
1,189003,89807597
1,201838,95906389
1,209622,99605236
1,204158,97008796
1,205072,97443337
1,208420,99034422
1,529802,251743860
1,504690,239811695
1,495754,235565599
1,528008,250891736
1,467149,221973403
1,456233,216786575
1,473196,224846901
1,527440,250621827
1,500542,237840980
1,496759,236043201
1,505546,240218639
1,506836,240831384
1,229124,108871760
1,471369,223978462
1,501078,238095391
1,502731,238880990
1,504406,239676590
1,511217,242913199
1,521558,247827064
1,225645,107219053
1,179164,85132439
1,185985,88373870
1,212260,100858762
1,200444,95244106
1,185999,88380583
1,203431,96663386
1,482002,229031044
1,166862,79287261
1,493697,234588474
1,494722,235075411
1,494800,235112230
1,682240,324177777
1,180057,85556966
1,183505,87194991
1,461753,219409582
1,532554,253051727
1,462537,219782233
1,461731,219399068
1,490610,233121120
1,483238,229618610
1,489568,232626452
1,176857,84036094
1,496119,235739348
1,188467,89552863
1,165815,78789526
1,192725,91576639
1,215350,102327126
1,215551,102422607
1,484135,230044680
1,344120,163514020
1,345754,164290620
1,346431,164612214
1,403646,191798706
1,395527,187941076
1,398064,189146679
1,545434,259171733
1,394022,187225732
1,405711,192780201
1,367311,174534038
1,562432,267248861
1,391107,185840962
1,560403,266284828
1,392993,186737334
1,394805,187598227
1,370582,176087952
1,371073,176321241
1,401220,190646338
1,390175,185398189
1,542547,257800038
1,396344,188329321
1,367796,174764357
1,513779,244130851
1,535852,254618764
1,524492,249220810
1,529982,251829798
1,680534,323367028
1,475483,225933353
1,509963,242317497
1,515284,244845671
1,226365,107560901
1,474799,225608651
1,458965,218084504
1,512749,243641216
1,512815,243672607
1,521378,247741160
1,208656,99146165
1,211459,100477875
1,521201,247657091
1,523672,248831269
1,525971,249923913
1,534436,253946075
1,536869,255101964
1,683378,324718021
1,186414,88577499
1,204175,97017160
1,204694,97263905
1,204696,97264519
1,230499,109525529
1,466561,221694257
1,534384,253921362
1,170439,80987051
1,486685,231256210
1,487703,231740324
1,510274,242465276
1,503625,239305837
1,520524,247335585
1,163060,77480762
1,190648,90589660
1,209924,99748900
1,211042,100279805
1,487810,231790824
1,217357,103280350
1,225619,107206358
1,225467,107134446
1,233437,110921142
1,482999,229505183
1,163265,77578143
1,189352,89973728
1,201544,95767113
1,174110,82731312
1,178850,84983500
1,510820,242724786
1,539520,256361749
1,539722,256457864
1,679810,323023058
1,214345,101849194
1,508912,241818177
1,517107,245711812
1,467690,222230747
1,464768,220842022
1,487485,231636445
1,516246,245302758
1,519410,246806296
1,520474,247311916
1,182207,86578810
1,162358,77147217
1,204726,97278826
1,195547,92917192
1,215702,102494024
1,535332,254371735
1,163115,77506947
1,536256,254810919
1,494211,234832233
1,232760,110599816
1,525958,249917663
1,499791,237484042
1,224146,106506584
1,473911,225186408
1,507109,240961066
1,170791,81154173
1,210446,99996648
1,225288,107049199
1,225769,107277942
1,480937,228525231
1,497040,236176712
1,187944,89304565
1,190801,90661972
1,200273,95162937
1,188891,89754745
1,195047,92679931
1,209829,99703548
1,484362,230152537
1,463159,220077600
1,177040,84123328
1,229225,108919817
1,472233,224389366
1,225127,106972847
1,502560,238799530
1,529928,251803857
1,205919,97845654
1,491966,233765720
1,163775,77820379
1,163793,77828805
1,182245,86596447
1,483983,229972716
1,522023,248048102
1,198123,94141098
1,220858,104944314
1,481030,228569348
1,487883,231825757
1,229054,108838984
1,464475,220702718
1,467014,221909349
1,456335,216834971
1,165001,78402685
1,171499,81490276
1,204413,97130432
1,458372,217802702
1,456943,217123825
1,491309,233453526
1,511679,243132664
1,511939,243255957
1,476368,226354113
1,458655,217937295
1,491876,233723102
1,489480,232584477
1,518308,246282732
1,185227,88013709
1,167614,79644291
1,181288,86141945
1,166388,79061994
1,180848,85932784
1,185981,88371862
1,194710,92519521
1,166976,79341140
1,230439,109496840
1,535173,254296344
1,215904,102590185
1,481316,228705023
1,192556,91496165
1,481991,229026119
1,486461,231150054
1,480833,228475846
1,206387,98068394
1,480390,228265246
1,185804,88287599
1,201445,95719666
1,188269,89458818
1,212487,100966708
1,457887,217572733
1,224995,106909788
1,462261,219650964
1,521651,247871262
1,165585,78680234
1,210895,100209812
1,212821,101125080
1,467543,222160803
1,180817,85917966
1,193827,92099871
1,462562,219793730
1,458842,218026441
1,459341,218263645
1,525939,249908585
1,526959,250393313
1,188047,89353369
1,461882,219470656
1,218814,103973050
1,527085,250453297
1,200954,95486510
1,494967,235191627
1,529327,251518131
1,531279,252445828
1,531281,252446929
1,514781,244606560
1,472568,224548236
1,162410,77171741
1,164965,78385777
1,179188,85144110
1,233769,111078888
1,228347,108502654
1,207965,98818015
1,210318,99936059
1,218700,103918832
1,459946,218551136
1,226390,107572674
1,207516,98604540
1,170896,81204055
1,218346,103750604
1,529657,251675135
1,202752,96340752
1,475679,226026750
1,533183,253350897
1,512411,243480640
1,531068,252345837
1,213488,101442325
1,214018,101694199
1,228853,108742912
1,232414,110435205
1,512158,243360356
1,217301,103253966
1,204713,97272926
1,203025,96470592
1,169041,80322633
1,172914,82162891
1,229458,109030693
1,478979,227594793
1,511240,242924025
1,539305,256259669
1,511429,243013917
1,496988,236151960
1,498347,236797924
1,204253,97053972
1,199822,94948422
1,199864,94968584
1,217644,103417081
1,474594,225511236
1,474766,225593067
1,221296,105152222
1,512966,243744331
1,513607,244048933
1,501901,238486188
1,217089,103153592
1,521240,247675932
1,522991,248507535
1,535542,254471484
1,528675,251208850
1,680575,323386223
1,509154,241932858
1,189278,89938468
1,514968,244695542
1,490997,233305415
1,500830,237977476
1,481234,228666320
1,481235,228667008
1,197982,94074300
1,212655,101046302
1,476848,226582090
1,506097,240480516
1,184365,87603821
1,515581,244986685
1,457429,217354917
1,489140,232422859
1,196510,93374870
1,187782,89227573
1,197399,93797504
1,190054,90307479
1,202339,96144460
1,196046,93154225
1,465355,221120867
1,224981,106903408
1,483876,229921551
1,484753,230338025
1,483445,229716613
1,233703,111047767
1,463316,220152189
1,174667,82995742
1,503227,239116616
1,529829,251757286
1,535042,254233983
1,178480,84807679
1,182833,86876018
1,191973,91218990
1,183661,87269321
1,196264,93257868
1,196870,93546030
1,209476,99535775
1,186260,88504539
1,478063,227159347
1,518281,246269519
1,527876,250829031
1,182683,86804506
1,525162,249539310
1,469240,222967209
1,474749,225584799
1,477928,227095481
1,466550,221688893
1,530340,251999650
1,524773,249354367
1,682469,324286422
1,162050,77000331
1,169321,80455607
1,170825,81170539
1,173961,82660162
1,484397,230169206
1,485723,230799311
1,170041,80797775
1,496260,235805970
1,456035,216692566
1,510031,242349717
1,524824,249379007
1,163439,77660695
1,164221,78032002
1,169383,80485114
1,186111,88433471
1,202128,96044413
1,500249,237701790
1,522306,248182388
1,474834,225625118
1,497254,236278508
1,195652,92967175
1,206504,98123499
1,205695,97739334
1,231592,110044545
1,515377,244889683
1,682331,324220873
1,503642,239313584
1,681574,323861325
1,230447,109500619
1,475489,225936150
1,473953,225206230
1,680937,323558687
1,472907,224709463
1,196600,93417475
1,202758,96343809
1,466930,221869297
1,475718,226045298
1,489032,232371485
1,176316,83779386
1,176316,83779467
1,196816,93520385
1,201048,95531112
1,207423,98560142
1,484855,230386550
1,230820,109677905
1,164551,78188913
1,199099,94605245
1,194421,92382126
1,231397,109952146
1,483076,229541694
1,225404,107104159
1,226095,107432747
1,493648,234565046
1,681725,323932917
1,498141,236699741
1,470903,223757307
1,537168,255244323
1,477931,227096713
1,477933,227097480
1,210620,100079367
1,479120,227661677
1,468626,222675261
1,469298,222994445
1,473907,225184535
1,477325,226808627
1,479274,227734905
1,479937,228050034
1,496283,235817103
1,496469,235905383
1,504613,239775104
1,515904,245140193
1,538651,255948647
1,538990,256110067
1,206320,98036298
1,212863,101145370
1,222170,105567541
1,463178,220086600
1,522087,248078272
1,230477,109515186
1,213676,101531630
1,231539,110019339
1,210986,100253445
1,474583,225505850
1,488697,232212245
1,476181,226265261
1,514311,244383306
1,502583,238810901
1,513240,243874344
1,531810,252698356
1,187673,89175710
1,226191,107478363
1,457141,217218053
1,460861,218985401
1,460955,219030510
1,461094,219096324
1,491275,233437357
1,518614,246428025
1,478172,227211404
1,478413,227325847
1,495976,235671396
1,520629,247385216
1,186026,88393140
1,466608,221716369
1,507968,241369133
1,485047,230477893
1,510395,242522498
1,229150,108884309
1,485177,230540134
1,487718,231747214
1,525983,249929569
1,511738,243160614
1,681331,323745607
1,681333,323746589
1,490317,232982212
1,520367,247261245
1,468920,222815182
1,491467,233528433
1,518445,246347840
1,516185,245273994
1,490063,232861424
1,505282,240093314
1,505282,240093347
1,508373,241561726
1,505887,240380501
1,505888,240381005
1,517057,245688207
1,475635,226005889
1,473541,225010853
1,488076,231917403
1,497289,236294955
1,534690,254066645
1,163671,77770877
1,225347,107077097
1,483457,229722580
1,484114,230034838
1,484735,230329484
1,493687,234583580
1,520868,247498795
1,199025,94570268
1,489687,232682991
1,521726,247906804
1,229559,109078880
1,233203,110810144
1,226174,107470504
1,211220,100364487
1,190047,90304035
1,190337,90441876
1,207976,98822990
1,211120,100317251
1,229094,108857406
1,507214,241010862
1,532723,253132082
1,211009,100264147
1,195063,92687142
1,227543,108120848
1,466610,221717273
1,467229,222011467
1,210682,100108982
1,214573,101957749
1,215923,102599320
1,223491,106195338
1,230855,109694740
1,465909,221384136
1,198258,94205450
1,191154,90829976
1,456411,216871037
1,205452,97623767
1,224013,106443215
1,524486,249218070
1,475080,225742044
1,512995,243757818
1,678692,322491887
1,492841,234181432
1,487373,231583144
1,164875,78342913
1,460459,218794408
1,472430,224482984
1,529333,251521339
1,517324,245815202
1,681642,323893439
1,480635,228381673
1,502563,238801127
1,456735,217025208
1,230524,109537210
1,462124,219585979
1,233719,111055480
1,233722,111057064
1,181804,86387079
1,165179,78487582
1,178945,85028579
1,164644,78233107
1,219061,104090241
1,179799,85434601
1,185691,88234121
1,179151,85126205
1,181143,86073234
1,465956,221406760
1,507895,241334509
1,486337,231091173
1,681657,323900621
1,187041,88875768
1,170925,81217698
1,215548,102421081
1,198785,94455823
1,200765,95396970
1,197585,93885568
1,480946,228529212
1,459460,218320239
1,216649,102944110
1,221195,105104518
1,232569,110508797
1,679320,322790062
1,505228,240067662
1,516717,245526479
1,517005,245663356
1,539107,256165422
1,539614,256406368
1,200475,95259104
1,220196,104629883
1,224700,106769743
1,466682,221751674
1,481588,228834596
1,529210,251462867
1,199700,94890442
1,492964,234239757
1,509397,242048613
1,516835,245582754
1,202249,96101828
1,194501,92420607
1,466480,221655602
1,202839,96382444
1,484054,230006052
1,462111,219579685
1,500475,237808666
1,536405,254881818
1,167264,79478012
1,196381,93313339
1,480230,228188999
1,188733,89679446
1,207725,98704026
1,512666,243601611
1,206004,97886069
1,206337,98044330
1,213496,101446362
1,219257,104183347
1,204883,97353497
1,519860,247020186
1,166321,79029737
1,209185,99397474
1,487856,231812831
1,531805,252695804
1,228917,108773613
1,477993,227126234
1,471298,223945087
1,471300,223945935
1,196583,93409832
1,470810,223712912
1,503290,239146771
1,537614,255455927
1,503164,239086611
1,680235,323224864
1,682064,324094143
1,683408,324732734
1,500436,237790268
1,539399,256304171
1,512055,243311136
1,179657,85367005
1,209663,99624616
1,480676,228401289
1,185395,88093544
1,188494,89565828
1,183416,87152984
1,215410,102355610
1,459343,218264448
1,174681,83002658
1,231935,110207679
1,459025,218113125
1,469496,223088758
1,472246,224395356
1,472435,224485411
1,530097,251884456
1,163714,77791253
1,176036,83646517
1,203129,96520105
1,189490,90039068
1,195116,92712206
1,195140,92723825
1,211890,100682827
1,185354,88073630
1,228189,108427867
1,167222,79458103
1,475002,225704920
1,527217,250516040
1,474373,225405945
1,526981,250403829
1,475646,226011208
1,162872,77391095
1,174597,82962419
1,175481,83382797
1,194654,92492733
1,179461,85273513
1,184443,87640998
1,187631,89155962
1,191209,90855877
1,204982,97400544
1,232040,110257399
1,200311,95180880
1,222663,105801779
1,487185,231494045
1,504586,239762200
1,508177,241468631
1,519012,246617031
1,507183,240996530
1,678357,322332320
1,682814,324450255
1,169354,80471525
1,188850,89735093
1,176443,83839509
1,485000,230455546
1,185555,88169367
1,191741,91108870
1,205209,97508492
1,465462,221171941
1,233849,111117172
1,463648,220309843
1,482905,229459994
1,466267,221554242
1,487897,231832436
1,517731,246008306
1,196909,93564495
1,192493,91465843
1,204584,97211133
1,456940,217122620
1,215384,102343347
1,165197,78495860
1,533731,253610900
1,214371,101861695
1,216976,103099504
1,230115,109342685
1,213159,101285946
1,510586,242613292
1,522208,248135512
1,514561,244502006
1,533392,253449986
1,533407,253457238
1,527758,250772861
1,680881,323531840
1,218871,104000105
1,458479,217853886
1,482806,229413135
1,487503,231644899
1,532821,253178473
1,469097,222899250
1,494852,235136836
1,501853,238463719
1,224552,106699585
1,228647,108645442
1,210778,100154503
1,210779,100154868
1,211827,100653205
1,517299,245803221
1,504484,239714097
1,506919,240871015
1,520266,247212871
1,493473,234481905
1,505500,240196643
1,477129,226715780
1,536424,254890789
1,536616,254981819
1,210029,99798876
1,463755,220360662
1,459375,218279312
1,470385,223511028
1,503518,239254835
1,519709,246948037
1,519656,246922930
1,178793,84956479
1,164112,77980448
1,166665,79193410
1,173293,82343010
1,194503,92421040
1,192241,91346459
1,193588,91986452
1,228144,108406254
1,200457,95250130
1,200688,95360034
1,201125,95568074
1,202856,96390125
1,205408,97602830
1,205923,97847645
1,532761,253150314
1,471610,224093349
1,468608,222666709
1,200592,95314427
1,518981,246602419
1,524440,249196483
1,524718,249328269
1,678018,322171373
1,166828,79271081
1,216091,102678796
1,226018,107396075
1,186608,88669802
1,460195,218669048
1,462373,219703779
1,474842,225628851
1,471441,224012975
1,473386,224937078
1,511276,242941170
1,509131,241921685
1,512892,243709041
1,529582,251639420
1,531161,252389802
1,512565,243553775
1,530107,251888821
1,498713,236971828
1,500696,237913825
1,517516,245906093
1,534559,254004230
1,208048,98857476
1,182267,86607276
1,533569,253534137
1,233017,110721817
1,233019,110722508
1,463668,220319520
1,458855,218032432
1,463386,220185499
1,190057,90308514
1,169251,80422513
1,194567,92451517
1,521253,247682019
1,219444,104272448
1,516195,245278525
1,539920,256552067
1,678315,322312637
1,189982,90273051
1,223785,106335279
1,209715,99649298
1,196528,93383696
1,516048,245208717
1,539492,256348531
1,529957,251817922
1,678337,322322945
1,186918,88817174
1,211485,100490615
1,465502,221191122
1,484280,230113324
1,512295,243425331
1,163481,77680670
1,467175,221985762
1,474504,225468311
1,482747,229385235
1,183325,87109794
1,181400,86194824
1,184740,87782147
1,208856,99241276
1,188353,89499037
1,201626,95805590
1,488743,232234261
1,513881,244179274
1,187847,89258625
1,206977,98348162
1,224261,106561110
1,224773,106804362
1,208886,99255278
1,212837,101132911
1,219795,104438985
1,220793,104913436
1,207285,98494664
1,207714,98698596
1,469637,223155955
1,501892,238482455
1,509218,241963197
1,529283,251497463
1,530870,252251474
1,524327,249142593
1,195950,93108748
1,512551,243546794
1,171335,81412856
1,172208,81827197
1,177123,84162691
1,178592,84860613
1,197054,93633540
1,472183,224365661
1,487155,231479784
1,469822,223243786
1,497775,236525926
1,538788,256013950
1,167274,79482956
1,480123,228138412
1,517972,246123085
1,488285,232016825
1,682283,324198321
1,532183,252875148
1,229737,109163405
1,458267,217753366
1,502435,238740335
1,209659,99622773
1,197231,93717590
1,223625,106259052
1,230198,109382431
1,230264,109413586
1,500636,237885446
1,509942,242307398
1,682591,324344233
1,491398,233495963
1,515231,244820595
1,493006,234259698
1,472305,224423382
1,518838,246534319
1,497920,236594927
1,500325,237737484
1,526935,250381761
1,529857,251770447
1,539967,256574204
1,538044,255660493
1,538093,255683667
1,518039,246155089
1,523934,248955682
1,523639,248815373
1,524898,249413919
1,526762,250299792
1,536997,255163154
1,682601,324349073
1,205203,97505722
1,216626,102933548
1,214888,102107789
1,683098,324585415
1,520639,247389868
1,198069,94115755
1,520081,247125030
1,468104,222427472
1,519556,246875735
1,462675,219847597
1,477050,226678198
1,496862,236092097
1,473255,224874899
1,528756,251247223
1,537836,255561761
1,164678,78249562
1,480471,228303774
1,481641,228859647
1,229935,109257455
1,172503,81967457
1,187274,88985979
1,190631,90581589
1,527368,250587518
1,202642,96288766
1,515756,245069841
1,536607,254977630
1,682912,324496909
1,226438,107595544
1,526087,249978995
1,532231,252898403
1,509746,242214325
1,486654,231241549
1,175232,83264034
1,192940,91678638
1,202195,96076080
1,457732,217498949
1,457734,217499808
1,491069,233339466
1,191009,90760967
1,212281,100868489
1,510285,242470402
1,203953,96911447
1,232094,110283049
1,228431,108542578
1,522917,248472469
1,223864,106372602
1,163606,77740128
1,514542,244493123
1,519212,246711898
1,176615,83921322
1,179843,85455170
1,233070,110747002
1,169746,80657574
1,494067,234764061
1,477417,226852413
1,532791,253164469
1,683729,324884984
1,169635,80604710
1,459208,218200047
1,477535,226908513
1,204347,97098745
1,515779,245080580
1,481366,228729035
1,481834,228951373
1,170907,81209146
1,195955,93110822
1,519247,246728579
1,478794,227506949
1,489989,232826501
1,456873,217090899
1,483811,229890881
1,518530,246388096
1,524918,249423143
1,196505,93372789
1,196683,93456826
1,463437,220209544
1,221703,105345786
1,216931,103078002
