run, lumi, event 

273450,229,321062352
274199,141,277261749
274241,213,382403949
275376,413,716271226
275376,456,787331391
275376,1734,2626615651
274200,160,258994490
274157,479,734487672
274199,180,352104235
274199,316,605149883
274199,530,976381488
274199,535,984638118
274251,249,384547278
274388,9,16735512
274388,756,1366172295
273725,749,1142262699
273725,2077,2967058701
273725,2087,2980065321
274968,670,1268849443
274422,192,332522375
274422,631,1112105123
274422,1087,1879291773
274440,131,106106440
274442,81,149899320
275125,294,564274327
275125,610,1115693668
275125,860,1555039047
275293,185,307939556
273450,581,792422814
274388,460,863887625
273447,286,461004548
273502,581,697584959
273503,314,363348342
274422,441,762846416
275371,409,801625326
275311,805,978138096
275338,1,631927
275338,2,2894543
275068,734,1351321485
275068,757,1389171348
275068,773,1416739676
275073,279,504426598
274421,317,602332959
274441,217,358067296
275319,266,267827700
275338,117,199722121
275375,590,997933444
275376,2794,3894528954
275376,2293,3320562127
274998,508,924014218
274998,688,1259565663
275073,12,16094020
275073,12,14905722
275073,219,397733560
275310,981,1657148661
275310,1900,2902832629
274998,548,1000457919
274388,1470,2629075092
273725,1589,2316346790
273725,1688,2453022708
274094,137,78585753
274094,329,307628980
274159,35,60648708
274422,437,756155683
274422,418,720941743
274251,151,237302199
274251,480,752142056
274316,14,25519147
274316,486,863039563
274250,36,71745762
275291,318,548271054
275292,42,63465950
274968,1048,1963639737
274422,1991,3322953309
274442,411,726326110
274971,622,921667587
274971,623,923695289
273725,443,669395981
274241,23,42051629
275001,43,65560210
273158,701,1037882108
275338,482,856599007
275345,100,208544327
273730,8,7863019
274157,279,368427545
274971,204,312803933
274971,244,373570725
274999,337,608037304
274968,1161,2160183841
275001,1988,2601498337
274999,822,1496006720
275311,528,659448344
275311,733,896122601
275311,1127,1325190585
275311,1233,1436542482
274968,420,759893242
274968,398,712046839
274968,384,682013086
274968,441,803923000
275337,51,102232410
275371,414,811818361
274345,17,25126286
274345,67,104105259
274422,1145,1973300065
274157,237,288453900
274199,405,762470911
275068,660,1228514768
275125,58,116257016
275311,889,1071271725
275311,1013,1202434392
274316,758,1290105408
274335,522,989878963
274387,277,443367006
274422,2008,3351074084
275074,95,154223059
275074,150,244036960
275376,1019,1658965148
275376,2881,3989435551
274241,1133,1823280551
274244,607,871179913
274316,912,1518157008
273302,312,390097798
273302,324,404834065
273302,343,427459493
273730,1844,2047254573
274159,18,31359455
274968,275,467914348
275001,661,953086163
275001,738,1057889043
275375,982,1690521772
275376,2704,3799192647
274316,252,467950823
274335,414,779628302
274338,128,229345222
274241,280,495011237
275068,735,1353467231
275282,167,166502637
275291,95,163499594
274339,77,122210767
274388,1066,1945715530
274388,1283,2316012124
274388,1271,2293904540
274388,1275,2300623317
275345,190,394010880
275370,189,228010901
275376,247,436809981
274968,235,399407159
274316,803,1358015035
274335,787,1470500821
274241,965,1571474471
274388,1669,2948394834
274388,1741,3062621382
274442,47,87920893
275074,271,436043811
275074,537,834383986
275124,167,196396896
274388,620,1140182990
274421,52,100097305
274387,376,651077901
274387,394,689854791
274971,867,1257795110
275068,853,1553966172
275125,233,450904630
275309,544,917585758
273725,889,1338686466
273725,894,1345346128
274335,859,1595728890
274442,289,514736483
274199,32,61324660
274199,576,1053701213
275073,513,907410296
274968,964,1824436391
274335,91,107936721
274422,2134,3537860977
274442,524,916883661
274998,346,606353091
274335,168,275167553
274335,834,1552360268
274971,497,744945721
275344,107,103239637
275068,523,994191963
274999,68,116015515
274999,90,154269351
275375,1080,1851656802
275376,24,43125879
273447,299,480596632
273554,258,321207285
275344,256,358519460
275344,345,511842032
274422,32,55815897
274422,843,1473388512
273725,1415,2072001592
274335,847,1574891326
274335,930,1714894631
275067,151,282223892
274157,128,84552455
274316,78,150056152
274315,319,677567027
274315,82,177236290
274422,735,1285925161
274999,606,1119002821
274999,1009,1803400139
274999,1015,1812683013
275337,245,470595546
274241,479,813139984
274241,653,1093352658
274241,890,1456315768
274969,453,830911226
274971,112,169641768
274200,507,818316578
274284,42,79619076
274286,37,69239271
274315,124,270152609
273725,1539,2247713911
274244,207,282167388
274344,31,39554815
274344,431,656603592
274422,946,1647903943
275000,70,109675975
275337,202,390223889
274999,269,473541498
274999,291,516624609
274999,346,625759813
274441,357,587486731
275311,208,266197531
273448,301,434462339
273502,344,389836039
274388,737,1333682271
275125,24,47254678
275125,36,72784682
275125,52,104400170
275001,32,48598773
275001,294,440751950
275001,551,803749862
275073,410,732477302
274316,575,1007062253
274319,212,296427130
275068,786,1436964551
274344,226,346711063
274344,597,925325574
274387,343,582971095
274422,1434,2446581328
275067,28,53348305
275310,629,1107915513
274388,246,474738129
274420,171,192504461
275344,166,200953949
275345,142,294976739
275375,556,934384820
274999,413,755899489
274316,346,632014185
274335,622,1175392589
275375,422,672785382
275375,518,860235131
275001,1178,1626315479
274338,113,202124741
274387,197,269757016
274388,405,765681854
274388,1791,3141982364
274388,1794,3147701364
274388,1578,2804204777
274388,1581,2808202885
275311,388,490476653
274241,815,1342842916
274335,317,584917530
274335,374,699806198
274998,465,840752755
274998,465,840978467
274999,4,6944091
273302,258,324092500
274198,93,137834960
274199,297,570432774
274316,663,1145050680
274335,129,192324552
274335,178,295783759
274335,262,472371448
274335,594,1125792957
274335,640,1208864510
274338,20,31071751
274440,148,137496007
274999,495,911809898
274421,73,141073900
275338,292,499837859
274344,43,58215838
274335,738,1385132056
275371,69,118653064
275310,1144,1898973624
275310,1185,1957457578
275310,1291,2108139843
274968,61,101515914
274971,314,479046309
275375,1069,1833439045
274244,470,673948741
275338,308,532768345
275338,343,600385321
275344,94,78103254
274388,1,1441477
274388,384,729730913
275371,378,743684080
275375,1260,2165772614
275375,568,957454619
275376,712,1195065738
275376,2638,3725487630
275376,2929,4041832754
274422,213,367610346
274442,433,762782511
274442,435,766891835
275067,42,79713755
274338,60,101334279
274161,203,355598947
274319,170,239224780
274335,197,337587432
274335,198,339596463
274286,2,2052696
274157,196,209298203
274314,147,182392520
274250,20,37462479
273554,344,456095292
274316,281,520633821
274319,197,275843687
274335,138,211539934
273502,788,956433705
273725,2012,2883461258
275338,369,640062240
274420,191,235397292
274422,674,1178009164
274422,1220,2097023176
275376,1264,2008397546
275376,1267,2012809050
275376,1893,2825472250
275376,2078,3056678301
275376,2376,3421086708
275068,328,640759839
275001,596,865217862
275309,238,354185573
274344,128,193618722
274382,130,111013338
274382,135,120009131
274344,299,459186611
274388,1139,2074010502
274388,855,1556471178
274421,131,254107803
275344,136,147370336
275344,188,238840834
275370,241,322051138
275293,133,218964267
275890,710,1369856261
275890,730,1411149002
275890,843,1631043698
275658,277,539889980
275913,429,826282754
275920,171,310706565
276243,19,30571905
276244,980,1430108084
276242,1324,2482588161
276244,318,493283264
276244,714,1074087743
274999,136,232635009
275310,1357,2200458292
274969,50,81003740
275311,526,656602512
275344,269,380213275
275311,34,43727368
273302,12,14787029
273450,16,22248409
273450,202,284752997
273502,624,751927248
273725,1951,2804941528
274344,439,669397822
274344,444,678082033
274388,1122,2045052485
274971,161,246237745
274998,781,1427014584
274968,96,164863798
275310,417,752003873
275310,278,510009232
275310,507,905424199
275310,580,1027719236
276242,406,756392978
276242,955,1832983993
276242,1129,2143492484
275836,970,1762725900
276097,208,398839162
276243,200,361868590
275911,279,400678947
275912,22,38997821
275834,163,284021768
275923,83,136701223
276243,105,188617178
276244,825,1230359813
276283,205,397130562
275777,137,270756511
275918,28,49652931
275836,295,567871269
276242,58,107649707
276242,1070,2038202627
276244,772,1156146637
276283,613,1133602927
275963,136,146621730
275073,446,793856395
274244,435,623372573
274244,586,841305666
274316,561,984954943
274316,706,1210637636
274421,264,505584314
275073,37,63317295
275124,136,140102502
274388,194,378314238
274388,1010,1844355481
274441,230,379546039
275375,795,1371533421
275375,1384,2398225908
274442,536,936509287
275376,421,729610747
275890,137,270000477
276242,945,1815507127
275833,174,331473097
275834,158,275932960
275836,1262,2268344167
275890,44,85286515
275890,87,171714856
275890,591,1127814180
274999,960,1721211608
274335,192,326084932
274335,385,722136454
274335,387,725424923
274338,572,1006838461
274969,629,1142417734
274969,830,1488704256
274969,831,1489486107
275310,1609,2531986338
275310,1644,2576989407
275311,1102,1298349265
275319,161,91185689
275337,346,656054394
273725,386,577874163
274251,209,326034981
274441,74,123302125
273409,21,36567945
273425,220,248618825
273503,90,104755579
273725,1602,2335145605
273725,1608,2342976298
275375,1209,2068517581
275375,1267,2179139366
276244,635,961611060
276244,1149,1655526662
276244,1196,1716174308
276244,1198,1718901587
275890,978,1874811311
276244,333,514923441
275847,1289,1635543131
276097,72,130040380
275833,88,171133390
275836,848,1530593160
275832,243,475716335
276097,203,387926522
276244,140,216742923
275310,181,338739447
275125,621,1133806837
275125,625,1139362941
275283,39,83041758
275309,99,117159197
276244,811,1211522010
275837,78,132127837
275833,2,2229128
275833,183,347994735
275834,181,319992723
274388,808,1466330573
274999,1137,2015572367
275067,80,151050880
274999,881,1598542322
275000,79,123014622
275000,96,150336135
275291,290,491265394
276097,5,7461681
276097,484,924884553
275847,703,913022495
275890,942,1817144585
275890,1386,2574426624
276092,101,72069621
276092,84,49494197
276282,1045,1866907339
276283,73,139825306
276283,128,246921612
276283,475,893406526
275913,99,205538241
275913,139,279073177
275832,65,121976241
275832,67,127022063
275832,272,536196804
275310,1323,2153580236
274160,72,136026977
274315,163,354040595
274335,897,1658898266
275309,331,511763215
276242,1421,2657420226
275658,168,331392324
275834,281,529894985
275890,498,933202442
276242,173,329320097
276242,156,295611441
276242,537,1014235252
276242,427,792600836
275847,1847,2260560639
274316,357,650308214
274316,766,1302795004
274335,235,416458137
274335,481,909463274
274388,81,158249357
274388,1680,2965599576
274388,1683,2970309825
274422,854,1492245026
275068,391,757658969
275291,150,257274707
274161,326,565309622
273403,4,4522619
273725,1449,2121210286
273725,1689,2454280409
273725,696,1063674110
274199,496,917594964
274199,125,245019361
274241,147,266872927
274241,355,617578730
274244,283,396218199
274968,752,1430132421
274968,752,1429430164
274968,754,1434584048
274968,846,1608916528
274969,84,137522951
274969,349,640574615
274969,541,987316844
274388,828,1504059321
274420,208,269701372
275310,1706,2657984223
275310,1854,2844905245
275311,248,317215378
274968,94,160601171
274968,393,700055686
274969,27,43849979
275834,168,292296797
275890,1212,2286740901
276242,442,818161328
276242,47,86444809
275847,194,261941816
276282,101,85653634
276454,362,573988649
276543,195,375224846
276582,710,1279107510
276775,815,1362377678
276586,640,1111498369
276808,718,1385651033
276318,190,337249109
276653,77,38622632
276581,426,677393480
276775,101,49227734
276282,454,744340794
276282,500,835952361
275778,136,243442550
275911,179,225467734
275911,187,238075611
276242,575,1094228982
275776,116,238919213
275778,51,91296150
275782,19,33341251
275890,1058,2018318883
275782,157,292504045
275782,541,989184873
275847,232,312126015
276282,328,497031274
276283,548,1021535779
275777,194,379048352
275777,197,386082275
275890,439,831821875
275890,478,898799800
275890,653,1255353286
276776,874,1511062751
276811,1733,2908185456
276361,199,384172125
276361,225,432370770
276542,213,289987666
276543,487,917855799
276363,1215,2168244263
276363,1220,2177338068
276363,1385,2433461742
276502,710,1050895370
275836,17,32892072
275847,290,389045643
275911,115,112145467
276244,775,1161202880
275776,25,49502558
276242,1025,1965322274
276243,438,774524241
276501,717,1156244359
276581,439,702299448
276811,1720,2889739036
276458,205,257979969
276542,836,1412839615
276282,429,693596116
276282,550,936884691
275836,869,1570993885
275847,865,1118941016
275920,56,95833958
276243,167,302392350
276243,170,306928311
275774,116,205849750
275778,23,39556917
275890,254,495910047
276242,683,1299028836
276283,105,202487255
275836,661,1207752836
275890,413,784668258
276282,545,926587156
275890,185,364748022
275890,185,365242407
275890,1357,2527747741
275890,395,753139616
275911,315,472102953
275913,324,630754625
275847,780,1011619709
275847,827,1071133069
275847,829,1073465442
275847,1831,2243192134
275832,291,575032895
275912,247,434439666
276097,275,532331815
275913,250,492517263
275918,36,63407935
275778,101,180900629
275833,91,175830909
275834,1,944743
275890,329,633040235
275913,366,710357486
276242,112,212535496
275890,82,161572365
275911,293,429826139
275777,111,219961378
275836,1205,2168649743
275836,1211,2180312198
275772,37,69572393
275774,29,51279701
276525,2673,4531144561
276525,2708,4582580557
276543,239,460868030
276525,597,934846245
276776,541,911688668
276776,547,922746955
276776,973,1681162515
276542,827,1397596506
276097,456,873849933
275658,285,554468063
275886,87,63444942
275886,88,65321955
275890,929,1792024933
275918,166,287981820
276282,1130,2040592178
276282,1132,2043698458
275920,228,415192063
275920,448,794831003
275923,74,121061512
276282,87,65683851
276244,448,688731165
276244,506,775080360
275833,150,287230551
275832,366,725589180
276384,715,1044134200
275782,208,388915366
275834,189,335761914
275890,210,412224937
275834,29,51743161
275834,204,368290893
275836,5,9503624
275782,173,323527439
275836,439,829493316
276244,343,530816610
276097,260,502955765
275836,316,608494156
275837,16,26466955
275913,74,154148269
275774,55,98571890
276318,81,143740971
276361,431,799209538
276361,442,818382880
276587,262,398533294
276528,322,407462764
276543,664,1211451636
276808,613,1172927403
276775,310,442860183
276542,344,524352192
276361,9,17257413
276361,43,84835192
276361,777,1495261481
276543,334,640248558
276653,159,185927092
276775,103,53477776
275911,101,87488717
276243,586,1009670708
276282,286,421023980
276282,1018,1807579316
276242,1062,2022806189
276282,268,388186611
275658,154,303690205
276282,518,871931843
275836,641,1175853195
275913,29,60865324
275913,142,285857770
275918,300,507895992
275847,377,500945887
275913,209,415241489
276501,730,1177346827
276363,905,1635925064
276437,404,661604532
276501,778,1253137760
276437,1128,2053847101
276542,571,956208127
276775,379,575560048
276544,125,232526794
276544,134,249709790
276585,176,283225533
276318,223,394785963
276527,44,61027702
276527,46,63448089
276586,651,1129880701
276458,308,391139422
276776,637,1089991638
276807,189,259332728
276808,314,607308697
276776,1221,2087699691
276655,614,1096590586
276794,82,108499416
276384,324,491419542
276525,2842,4776727104
276582,851,1532267545
276586,328,584654946
276775,517,833384769
276775,757,1251928265
276363,577,1020413754
276361,619,1181523410
276501,605,976178140
276502,235,361419659
276525,1043,1783071948
276542,716,1211544876
276587,283,429409551
276655,886,1533727374
276242,771,1477075448
275847,1241,1578852324
275834,144,251316405
275911,145,167490487
276242,31,54144427
276242,76,142537256
276242,54,98960293
275890,1329,2480664963
276097,98,176123630
276097,51,91378522
276283,598,1107973789
275833,200,380345969
275847,1435,1804415280
276242,1038,1988239746
275836,281,543355061
275774,189,338405572
275777,272,525675637
275782,184,344922848
275832,86,163760665
276454,421,664674411
276811,645,1176646858
276811,645,1177295506
276361,85,167205118
276363,91,167557094
276775,266,353996631
276525,1293,2213736376
276525,1294,2215464512
276542,230,320172399
276501,1888,3123865424
276544,13,21016274
276437,2110,3739153730
276776,1335,2260286054
276811,95,160050607
276582,307,542206334
276775,988,1708667621
276775,204,242198138
276794,573,759791461
276808,689,1328030143
276361,420,780498423
276437,1823,3225245576
276525,1507,2560840045
277420,87,38984779
277071,37,70065213
277071,93,177484836
277076,183,310403032
277166,294,423645136
277420,222,278232268
276808,566,1072884347
276437,1262,2303234485
276458,251,316774986
276542,636,1070518639
276583,1,1089044
276586,528,926494417
276525,212,273438798
276542,287,420052886
276655,334,628655473
276808,381,729332426
276776,172,293239444
276363,1447,2534092161
276501,1149,1927433426
276501,1372,2309002630
276776,1516,2537501825
276794,695,912801844
276775,875,1484972337
276807,79,49657227
276501,1289,2171344432
276501,1293,2178857267
276587,654,957207181
276581,146,166878426
276581,269,381374797
276581,362,551895120
276655,719,1264600694
276775,772,1276309293
276542,472,770666664
276583,10,15160466
276363,1129,2021201606
276545,93,154907531
276454,183,295581011
276437,664,1145101913
276542,262,377713087
276581,140,154782570
276655,466,858158480
276811,540,983376449
276525,1187,2035180841
276543,263,506721093
276582,277,491878166
276655,431,799238314
276501,236,389419939
276501,278,457689974
276501,243,401071282
276501,739,1191829612
276501,2050,3416443142
276525,147,149721454
276437,1358,2476141708
276437,1956,3455438415
276437,1558,2807767526
276318,367,620808033
276318,259,447694609
276655,19,36730420
276810,250,450869411
276501,1726,2868180242
276794,843,1100476607
276501,487,782964743
276811,557,1015852122
276361,375,702930615
276363,1286,2272621875
276363,1325,2335898189
276501,1178,1979603194
276543,404,769203997
276659,114,188712854
276384,838,1201794751
276586,612,1066330811
276776,987,1703622304
276810,118,215641962
276655,310,586168291
276775,483,771349501
276775,483,771254905
276775,851,1435401663
276437,1123,2043253080
276437,807,1410421057
276495,170,189821187
276495,212,266911241
276582,429,742460442
276501,466,746166924
276542,706,1193199792
276655,577,1045416141
276501,927,1521836829
276437,514,871569261
276495,231,302223265
276653,303,448270024
276361,455,840944417
276437,143,158849030
276361,768,1477697213
276585,184,295524659
276581,301,439820452
276655,383,716111485
276775,430,673745982
276775,1192,2091698855
276776,1269,2155265312
276586,72,116462965
276653,232,320379342
276315,118,157198770
276315,120,159749168
276437,119,114772794
276655,98,191334835
276811,931,1679384588
276361,75,147495264
276501,1804,2984493062
276525,345,507416773
276587,516,766471649
276811,1623,2751294331
276361,258,492417876
276437,618,1062240954
276811,2562,4013057342
276525,2102,3627992109
276525,2828,4756811655
276794,271,362134018
276810,281,504405008
276581,159,189667119
276581,254,353760398
276501,2504,4174520438
276543,341,652998837
276585,32,50899359
276318,540,956485396
276361,110,216378550
276502,597,892963459
276776,477,790309014
276384,135,207283551
276542,725,1226948712
276502,81,122902305
276582,210,377262113
276543,285,547277136
276585,78,125920567
276808,33,66821906
276808,48,98094414
276808,326,630483170
276810,140,256222777
276811,312,547347996
276525,393,591915934
276543,933,1642947901
276525,1343,2295665816
276525,2787,4696979222
276525,2792,4704204981
276655,622,1109071153
276501,2115,3529430036
276586,738,1242764077
276794,89,118720614
276315,164,247138615
276807,125,135590295
276454,335,534245177
276437,682,1176217879
276437,873,1547539218
276776,1197,2048969579
276808,530,995557504
276808,835,1616818841
276501,14,18259145
276775,177,187234104
276582,299,529095297
276655,851,1467837085
276655,994,1735792578
276528,386,492782693
276525,968,1648160240
276794,170,228495951
276794,171,229464013
276811,2047,3338615548
276361,238,456793014
276363,781,1406023818
276501,265,436918905
276542,728,1230842420
276542,846,1429773222
276525,1769,3047139644
276776,1304,2211610549
276811,869,1573416727
276501,1046,1743146831
276544,45,81272169
276544,50,91888188
276363,1371,2410263912
276501,2316,3873923101
276808,545,1029125948
276655,292,553056548
276655,426,790390276
276585,56,89353446
276831,2639,4685663865
276870,197,241635390
277112,31,19685193
277094,84,143996668
276831,1031,1869483780
276543,423,802378430
276655,204,390718333
276543,843,1501985958
276315,198,316352135
276318,217,383615971
276776,816,1409978123
277076,478,809864656
277096,165,310050440
277127,125,239576904
276935,556,859353634
276948,54,109885312
277166,297,429345793
277168,1067,1962002281
277168,1183,2181699694
276870,2248,4076906248
277094,145,251821656
277194,458,724298871
276935,164,173493452
277168,1550,2824546675
277194,1074,1888483520
276384,810,1168648438
276437,1003,1810370717
276315,132,182251546
276384,560,830590371
276525,252,338809847
276525,512,795488274
276525,515,799906523
276776,399,661891611
276808,845,1634896905
277094,337,592775548
276775,425,664437893
276525,558,870829337
276437,1716,3056252338
276811,2232,3585623717
276501,496,797683350
276318,31,52230431
276458,78,99376536
276437,907,1617981022
276794,762,998802723
276437,756,1304105346
276525,1983,3423603621
276544,54,99423647
276811,1478,2537524679
276794,330,440325591
276810,194,353092836
276437,218,294604695
277096,645,1143675113
277148,359,530263480
276950,455,867314206
277096,1348,2337328219
277096,805,1445318230
277194,227,294427210
277194,273,369979970
276870,2696,4829065161
276870,436,695249855
276870,207,260686305
276870,1171,2092851993
276870,466,748856912
277094,151,263358399
277168,678,1275827614
277168,1337,2458894233
277168,1368,2512600827
277194,898,1554474650
277194,423,655324095
277127,726,1366856638
277127,239,451190133
277148,94,50492248
276831,1205,2188232166
276948,295,569937918
277070,59,104344907
277070,722,1346811626
277096,1508,2621380543
277148,186,219957157
276948,252,491758809
277069,315,469639845
277069,317,473645864
277069,363,553932922
277069,386,592567640
277194,811,1382742405
276935,363,521187989
276935,745,1205774877
277070,344,624890832
276808,398,759348533
276318,5,3325473
276318,96,169775392
276525,996,1698434348
276525,2397,4107440862
276525,2403,4117518091
276525,2465,4214770415
276318,410,706139474
276776,773,1333697604
277076,586,981358735
277096,222,414702892
277096,531,934076224
276831,1959,3558308536
277168,101,180395706
277168,698,1311561962
277168,355,656827155
277096,1094,1942629678
277194,199,241713716
277166,113,77119267
276870,410,647968470
276870,1939,3501272046
277094,307,538221171
277096,121,229107146
277127,2,482376
276935,241,301561718
276935,711,1142531053
277168,1305,2401592495
277072,68,122366198
276870,108,81928781
277168,211,376379457
277194,203,249558959
276870,700,1211029191
276950,746,1376488303
276950,2076,3605207887
276870,1492,2710027061
276935,302,409491931
276831,2442,4376403503
276831,1182,2145426885
277087,638,672167923
277096,894,1603651632
277096,931,1667901930
277112,111,132158811
277127,350,644803355
277148,420,644578604
276317,98,184735588
276317,111,209001016
276384,342,518231512
276775,653,1073370948
276437,150,171525520
276437,1581,2845895100
276361,59,116608683
276501,32,48233813
276811,373,667214816
276811,1790,2989507807
276811,1793,2992560309
277420,179,200812299
276950,1291,2356025288
277096,946,1693696108
277127,786,1470683133
277094,296,516725880
277096,26,47625496
276831,2264,4086204865
276834,457,632970128
277076,96,156837310
277194,1435,2534317837
277127,550,1042462458
277148,663,1116679384
276950,2329,3965467473
276870,2181,3956004619
276870,2160,3918455310
276870,2160,3919127695
276870,2167,3931243692
277069,178,215939992
277070,754,1402734031
277194,1181,2070190562
277194,1153,2024860471
277127,432,812894563
277148,343,502425691
277127,513,970820363
276950,467,890058362
277096,1520,2643791972
277148,388,579521991
277127,48,88060716
277127,388,722196545
276831,1532,2746939907
276870,1955,3532512684
277096,1326,2296749663
277076,345,588895590
277072,32,57336280
277076,317,541975196
277076,392,667923541
276831,1777,3222666308
276831,1479,2653898577
276870,1571,2850822037
277096,1774,3069452483
277096,1386,2406660948
277194,1439,2542806131
277194,1467,2598690368
277194,847,1455289690
277305,427,670711150
277194,649,1067441169
277194,1337,2346004693
277305,717,1207794177
277168,1563,2847074796
277194,916,1587940463
276950,1721,3080088028
276870,1242,2236034910
276935,892,1465072489
276948,263,513195724
276870,2239,4060882567
277127,166,315927234
277305,144,148210005
276831,77,47557403
276831,1558,2797456544
277127,313,583334087
276935,689,1099997997
276870,2723,4871125384
277070,267,485622351
277070,267,485935541
277420,174,191763257
277194,973,1697482990
277194,1217,2133673177
277194,1290,2264398070
277194,1293,2271190209
277076,464,786316674
277076,903,1465227933
277087,371,339037430
276831,1805,3276681891
276831,2545,4540902029
276831,2608,4639144068
277069,157,174663698
277070,13,22650529
277420,194,228097854
277127,539,1021387326
277076,78,124528678
277096,16,27714928
276870,2410,4357275550
277096,191,358254549
277096,404,729907307
277096,761,1364070133
277168,1363,2503736053
276834,258,366695603
276834,259,369147450
276834,394,552071615
276834,425,594087432
276935,260,332717512
277127,11,12327075
276831,495,854935172
277127,813,1517451941
277194,1987,3512261743
277305,661,1099850251
276870,1173,2097738867
277148,624,1044334687
277148,627,1049394784
278018,705,1278659465
278308,120,109831875
278406,356,521294522
278406,358,524087842
278509,205,225930986
278509,527,786390411
278167,792,1427963164
278167,1552,2832085681
278345,396,628469263
278406,139,120165782
278803,267,480412847
278308,774,1337686941
278345,417,672236570
278509,631,980516520
278167,1808,3264491332
278239,413,659230247
278345,548,927597735
278346,54,100019687
277166,302,439250335
277180,112,66950021
276870,459,734905183
276948,99,198340798
276948,363,691197251
277096,199,372384115
277127,177,337157582
277148,227,293222536
276950,1122,2049346159
277094,543,958835971
277069,248,350892881
277072,6,8988379
277127,583,1104359216
277166,121,91202221
277166,221,274833122
277166,402,635893395
277168,362,671638005
277069,261,374248083
276831,889,1593080932
276950,897,1630964253
276935,803,1309162896
276948,402,760125743
277070,859,1593379951
277076,599,1002977174
276950,512,972145837
276950,1761,3144281847
276950,2054,3573171180
277070,322,579394457
277070,741,1379359053
276950,764,1406584432
276950,1667,2993238877
276950,1118,2042081081
276950,1258,2295960908
277069,242,339004673
277069,243,340606480
277069,243,341725018
277180,191,214830216
277194,947,1648673235
277194,1432,2529613859
277305,140,142228662
276935,600,930556790
277070,152,276824828
277070,764,1415203823
277148,246,327834269
277127,173,329842952
277194,306,429994759
276834,646,892375228
276947,29,50519859
276950,1413,2570016236
277166,383,599455372
276831,1931,3507888872
277180,222,277521512
277194,580,944628635
277194,301,420063614
276935,114,87416715
276950,25,40002919
276950,502,953719198
276950,1815,3229164640
276950,901,1639160013
276950,905,1647095300
277096,1855,3199669263
276935,329,458084321
277069,209,276655242
277072,72,129403633
277072,178,313597528
277072,182,320029265
277194,2049,3620354390
277194,702,1160596733
277148,553,910516758
277148,631,1057827663
277305,357,532939211
277305,436,687547797
276831,110,99662365
276831,1572,2824742030
276831,1414,2547670845
276831,2138,3872774668
277070,441,821920843
277194,1784,3170009407
277194,785,1328219317
276831,766,1353152137
276950,469,893874121
276950,2059,3580575527
276870,3362,5811065669
276870,538,891608712
277148,546,896793766
277148,547,899572059
276831,314,514737492
276831,387,654435235
276834,92,133101342
276834,360,506179113
277194,512,819456247
277305,508,824187949
277194,1402,2467544031
276831,649,1124834551
277168,116,207004082
277168,945,1733175465
277148,178,205866874
277148,321,464021009
277094,110,190299367
277096,507,894959527
276834,225,321306998
276950,1057,1928489424
277087,226,149673782
276870,633,1083049243
276870,1802,3242361946
276831,1801,3267685645
276870,2569,4624056817
277070,392,724445725
277070,518,972750309
277127,243,459481040
278308,1144,1956784658
278509,315,418099462
278808,555,1045128736
278018,29,52659980
278239,311,472021386
278239,336,515640757
278808,1772,3151476728
278310,439,598164959
276870,385,601660573
277168,1971,3480072809
277072,38,67713201
277094,205,353976530
276870,739,1286828273
276870,742,1292116813
276870,1624,2944435013
278239,688,1205634679
278808,105,203452516
278808,1286,2232971868
278406,291,401192850
278017,171,192988571
278017,199,241942645
278349,47,90806201
278349,551,1016469379
278308,763,1317526116
278349,420,759021784
278193,159,194256771
278240,287,577273579
278240,1156,2205044730
278193,140,154960373
278240,70,126726363
278017,485,711620999
278018,1064,1979767648
278167,645,1138742775
278308,625,1075279710
278308,1564,2631358448
278406,1413,2492399646
278017,158,169353689
278345,134,132844233
278167,1208,2192724375
278308,1668,2797541196
278308,1318,2229290741
278406,1096,1913523438
278808,639,1191969844
278315,528,865837406
278167,668,1182916506
278167,1288,2346644778
278240,257,517928889
278805,173,315862172
278808,731,1349648741
278509,607,935993771
278509,1106,1844138734
278017,576,889842292
278018,136,242895714
278308,429,714385695
278308,1098,1879032745
278288,69,39046948
278770,484,932797804
278167,1052,1900323236
278240,57,99661573
278509,155,139888090
278239,114,108175530
278240,412,828091103
278308,342,537208033
278308,514,881417653
278406,236,299038733
278167,730,1307762697
278308,1433,2418520398
278406,151,141818653
278018,74,134520221
278167,416,658235480
278803,234,420204426
278808,1549,2743153208
278808,409,767202686
278308,1019,1743122435
278310,683,905754493
278308,670,1158316372
278017,166,183565537
278167,1986,3552328036
278175,54,75784555
278239,226,320248517
278770,410,787873464
278770,648,1244640645
278770,480,923183242
278805,92,163337967
278167,418,661686790
278239,290,432056538
278406,682,1128886136
278801,49,20849294
278167,150,146228232
278167,162,170629124
278167,544,927259436
278167,405,638657492
278509,880,1437891218
278509,1188,2001861426
278349,497,899717127
278509,832,1353938255
278345,156,176015590
278018,390,730212277
278167,682,1211360026
278240,21,38096553
278808,1147,1999552040
278808,1532,2710254342
278808,1579,2798637434
278349,22,41880379
278770,334,650790620
278770,603,1159245203
278808,1113,1948806544
278018,197,346568161
278018,306,567660437
278240,1080,2070084113
278167,2122,3763493320
278345,701,1225038200
278345,704,1231413734
278315,508,824490770
278808,1652,2933661389
278808,1724,3064476484
278167,1192,2160412940
278406,1122,1963899130
278239,87,52859883
278175,30,39992354
278175,33,45555375
278240,417,836980312
278240,391,786992743
278805,13,21752686
278805,265,482839785
278167,237,323388265
278167,2250,3956047783
278308,1476,2488551664
278406,295,408345663
278808,912,1643763042
278808,926,1666456086
278240,1254,2377034240
278315,253,342146227
278018,772,1417919822
278308,861,1482960189
278406,204,239638949
278240,1220,2317845379
278345,173,207479828
278509,219,251177230
278310,186,260869600
278406,117,81596309
278239,485,811587130
278239,487,815408827
278239,656,1144834068
278509,818,1326512235
278167,357,554186928
278345,485,805885540
278345,667,1160380687
278406,786,1334423563
278406,1088,1897716978
278406,397,594685958
278406,397,594811570
278366,389,778081979
278406,469,724592971
278240,323,650939403
278308,386,627732230
278017,298,405574782
278167,108,56914869
278167,1105,1993434686
278310,575,771440077
278770,526,1010961720
278167,1250,2272938241
278167,241,330652834
278406,1073,1869008467
278017,465,672617353
278018,1095,2039542013
278018,1177,2189412438
278308,1608,2702896475
278406,811,1380280655
278406,814,1384770369
278770,24,45125072
278808,1075,1889900424
278808,1096,1922067121
278017,335,464495790
278193,116,106225002
278240,205,413874459
278808,137,264992637
278315,227,291610279
278167,713,1274186316
278366,30,62869310
278366,36,73949502
278770,442,846449443
278803,159,274965102
278509,282,358267639
278509,961,1581071369
278308,1493,2516782793
278308,1333,2252235125
278509,387,540919423
278803,312,564854302
278509,1439,2433723757
278770,502,967250181
278803,24,42435585
278240,145,287782477
278509,554,837808758
278808,361,674027048
278406,889,1525334373
278406,1431,2522381200
279931,2342,4034713604
280187,11,17902036
278962,149,160817413
280363,295,484750678
280363,330,553524545
280363,334,561703278
279715,355,540547052
279760,630,1038004513
279841,520,847207171
278874,220,428896333
278969,218,291025031
278969,129,125068546
278969,133,132866084
279841,1605,2813248979
279841,1613,2826331646
280385,727,1359482630
278962,249,345982777
278969,84,47825801
278975,302,496951142
278975,392,637489414
280385,1596,2951637497
279931,931,1587403537
279966,181,214874736
279715,560,917291142
280330,204,382283201
280330,364,694382102
280330,348,662973583
279683,4,6803375
278820,584,1064640706
278820,1092,2018145716
280191,558,1045293104
280249,1213,2140136125
280251,148,272578541
280349,277,530503518
280385,1360,2551825507
280385,1831,3324123888
279715,399,623724389
279716,175,334014455
279760,103,82470404
280249,636,1194097328
280385,1887,3409428008
279794,479,761465952
279794,521,837436375
279794,888,1510832510
279794,694,1149569672
279767,477,814818074
279975,534,857995327
279667,541,871392568
279667,895,1548352062
279682,18,32098882
279682,20,35807314
280330,118,224465080
280330,280,533235418
280330,370,705037579
279667,573,928779423
279667,913,1584384758
278822,1413,2370772703
280016,82,158342622
280016,124,239065954
280017,109,201775988
280018,796,1380232439
280018,886,1533613228
280024,48,69237245
279931,1995,3390428303
279931,2086,3566305425
278820,161,280308578
279588,815,1403733049
279767,686,1144887729
279931,896,1522630847
279694,1880,3365793950
279715,91,46051349
279716,648,1214462646
279685,191,357646263
280191,198,358142337
280191,216,392190487
279766,479,893193367
278962,317,472212945
279760,448,705497885
279760,519,838550048
279760,597,975986563
279760,600,980892752
279966,353,516704249
280327,75,71734834
280364,111,220898275
278874,22,45813602
278874,476,915542610
279024,127,123484185
280191,439,817305876
280330,17,33361186
280330,408,771048139
280330,500,943416776
279716,370,690893446
279588,727,1229695651
279588,921,1601177789
279654,969,1848311503
279685,119,225265680
279654,575,1090062899
278969,437,677530446
280249,681,1276883667
280249,1338,2358080645
279841,1201,2069993286
280349,433,827014761
280363,104,168246103
278822,645,1134764712
280024,363,512448362
280249,1430,2533769467
280385,315,586736692
280385,416,772091289
280385,243,452456092
280249,303,572243834
280249,938,1712605265
280017,565,974554682
280018,87,133477871
278822,87,128824101
278822,362,605036177
280385,1975,3541216398
279588,666,1113449949
279767,142,249981571
280242,351,638007048
279715,212,269283568
279715,549,895457717
280017,425,749569100
280017,442,775953896
280017,461,807514887
278969,993,1691240378
279588,790,1355164031
279658,57,88341624
279715,190,226835105
278969,262,368977751
278986,197,272697115
278820,540,982142673
279841,284,424437234
279931,1522,2652378605
278315,747,1279455881
278345,664,1154781219
278808,670,1244636405
278808,1025,1813165840
278808,1044,1842118983
278808,1066,1876220695
278018,442,822884942
279767,595,1002932634
279767,761,1252991561
280016,27,49709492
279667,128,117781005
279667,427,666266201
278923,186,274043973
279716,739,1375387993
279694,2173,3922949700
278969,134,133405616
279654,154,297675100
279716,320,598376567
279931,1438,2512938666
279931,1810,3096273121
279931,2531,4356657323
280191,865,1614416359
278969,453,708463237
278957,109,92805377
278963,108,187610138
279694,301,546394352
279694,994,1833634435
278820,769,1411391949
279667,594,967254662
279966,364,534120043
280249,137,260837083
280249,351,659834435
278969,508,809105881
279975,165,187793975
279794,946,1622322507
279823,389,595692821
280249,50,92479957
279694,1793,3234602346
280385,1961,3520029972
280385,1053,1973964221
280385,1067,2002036131
279653,193,243079174
279654,748,1422318033
278820,1433,2612912952
278822,619,1087413168
279715,448,712834792
279715,587,967998192
279760,112,98352788
278969,469,737174639
279931,1123,1935127215
279931,1181,2048997014
279931,1183,2051964701
279975,108,92325810
279694,874,1615990610
279694,1374,2552977941
280015,136,248017303
280017,166,304373433
280017,175,321334421
278975,179,302940450
278975,558,874366366
279975,1040,1801335972
278969,1256,2168761592
279760,399,611348142
279760,576,939185561
279794,218,283392896
279794,984,1693756933
279841,1237,2140834139
279841,1337,2331756400
279841,1403,2456552940
278969,986,1678884336
279794,752,1260276551
279841,1120,1932350428
279716,5,7576257
279667,902,1562451005
279684,4,6124024
279766,1185,2099780605
279766,1175,2084831133
280016,45,84036731
280242,399,726451071
280249,1059,1906420514
279667,152,159193283
279667,264,358466948
279667,282,390232816
278822,1046,1810327114
280364,351,666084946
279966,441,677277512
279966,441,676940043
280191,609,1138079468
279658,474,849805592
279841,1353,2362485440
279931,2730,4678031818
278874,267,521904524
279654,1202,2283053178
280017,339,605581258
278986,139,162534846
279841,1184,2040760252
279841,1492,2615002724
279694,1862,3339846008
279931,213,254665078
280016,97,187128205
280016,125,241168069
279966,274,373526377
280249,874,1610466644
280249,828,1533035286
279794,131,124055284
278820,708,1296837035
278822,208,307222118
278874,108,219373993
279588,190,226943974
280188,40,68949224
279716,1441,2538491595
280330,320,609594790
278820,235,420054729
278975,400,650838256
280385,942,1766692752
280385,1121,2108194392
280024,229,327579306
280242,18,34005087
280242,485,877308980
279975,402,619130695
279931,111,85859214
280364,374,705526192
280385,664,1234483327
280191,811,1511080015
279716,993,1788680839
279716,922,1675520045
279716,1265,2198581382
279716,1460,2573569944
280017,133,245937514
280017,316,565681887
280364,271,517238110
280385,803,1507745721
280385,1724,3159956096
279794,124,111971380
280015,125,227171766
280249,282,534586008
280385,987,1847289042
279694,1073,1981117359
280194,148,236637334
279654,1037,1979575267
278874,130,261810768
278822,804,1415585404
279681,99,61883476
278874,414,791601641
278923,237,364732165
279588,154,161044222
279694,100,181829437
279694,1834,3296715757
279716,1296,2256085494
279766,431,798336349
279766,435,807316774
280385,525,977573456
280385,527,980093956
278820,34,51972641
278822,966,1682146266
279658,149,227486946
280385,419,777893624
280385,474,874117593
278986,179,238325722
278962,225,299963559
279588,388,587757929
280385,1656,3050367040
280249,328,618413332
280249,1179,2089478641
280249,1182,2093801236
278875,405,730014270
278969,1075,1840647982
278975,273,451034379
279766,828,1521217114
279116,303,540914548
279116,423,761297312
278923,401,660346065
278963,124,219212857
279116,421,757526475
279993,129,123104419
279115,132,113484510
279116,234,411289816
279116,427,768888842
279931,129,118622518
279931,604,976710626
280015,256,464803684
279029,70,119105458
279080,206,176811106
279116,214,372108634
279116,270,479388248
278963,68,118881646
279115,338,499890171
279116,445,802963868
279115,209,251100468
279115,450,696445076
278957,218,285320767
279931,592,955383679
279931,424,643291331
279654,432,812777772
279694,34,59141732
280251,129,239096286
280385,1882,3401992497
280242,31,56810546
279767,491,837102112
278969,268,378844841
278975,516,812560552
278962,350,535764287
279588,135,136308217
279654,334,626399246
279694,1211,2252039056
280251,71,132218815
278975,466,741695006
279767,309,536334889
279654,161,311159766
279654,73,143179688
280242,48,85224249
280242,398,724496584
278822,452,778377054
278822,454,782383314
279654,1113,2121730253
279654,1120,2135018890
279694,294,532309757
279694,770,1416712715
280191,638,1191778395
274241,164,296896594
274441,137,227964513
274442,264,469970158
274159,8,13295749
273158,751,1104199456
273158,907,1306756825
275066,20,39246449
278969,1028,1757266571
278975,642,1019551109
278969,153,170627302
278820,611,1113210924
278822,712,1254036286
278874,417,797573827
278875,198,374396996
278875,287,530522568
279931,1346,2351804105
275371,531,1026825951
275371,439,859690984
275376,1188,1901568638
274198,187,315817925
274241,108,197127694
274442,718,1234163167
274968,138,237074972
274969,461,845869948
274969,464,850859890
274969,564,1027069068
274971,814,1186418255
275001,1477,2005476697
274244,192,259012432
274315,148,321160421
274338,104,184203358
274338,112,200009921
279966,428,650606383
279966,383,566501102
279966,408,611360337
279685,169,317270055
279931,814,1367671028
280018,1046,1801075386
280024,405,569700033
280242,308,555190493
280242,53,95100380
279654,957,1824532851
280385,362,675296226
280385,669,1244888258
278820,316,566691331
278822,636,1118690130
279658,159,242192531
278820,1356,2487505059
278874,155,307553527
279667,164,181353208
279667,198,242180104
279667,336,490768433
279841,528,861930772
279931,2343,4037008980
279931,2646,4544014408
279931,2785,4764834326
279931,236,296335850
279994,28,48375788
278962,190,232783847
279931,571,913834059
279931,647,1056660383
279931,661,1083666382
275376,656,1108506531
275068,306,602695232
275068,711,1313299053
274970,36,70677248
275375,1271,2188270921
275375,1346,2326231340
275125,414,780295362
278923,371,603397357
278957,158,175601166
280242,166,296213051
278875,328,601542245
278875,332,608186719
278957,169,194360482
275376,3085,4215425921
273425,573,713800194
273425,580,723025270
273448,261,376781910
275345,277,562808777
275345,277,561745022
274251,186,290585987
274316,509,900989989
274335,310,572030781
274335,315,579790480
274335,361,673064010
274335,654,1234391953
274345,158,243805199
274387,290,470212744
279654,946,1803756617
279654,1000,1907562946
279694,1441,2667880464
280385,36,68421041
280385,840,1579443079
280018,13,19133289
280024,248,353837552
280242,77,135003291
279766,1132,2019268020
279767,690,1151823074
279994,23,39193198
278820,1236,2283540145
278820,1286,2369042032
280242,352,639181513
278874,54,114653769
280242,225,398946863
280242,511,922953455
278969,160,184187688
279766,542,1011962845
279931,165,183848178
278975,13,21209633
280385,155,283687181
278986,167,215316135
280385,883,1658772287
280364,635,1164640202
280364,643,1178371293
278820,58,96199038
278822,674,1186203875
279716,611,1148132585
279658,463,830029738
279841,1549,2715254226
279715,682,1148380061
279966,267,363085445
279966,358,524624208
279656,26,33717948
279694,44,77444683
279694,1127,2090304906
279716,67,126047788
280188,170,302987523
280188,142,254901295
280188,213,378037037
279931,1378,2408718400
279841,1801,3139254026
279841,2094,3593464095
279716,598,1124593740
279716,1273,2211382295
279760,714,1204880849
279766,174,330562841
278969,745,1232164233
279588,205,253425576
279588,302,425069279
279694,525,951831719
279694,526,953927192
279844,283,388753224
279975,179,212515439
279975,256,351276655
282735,439,887050109
282092,1211,1984891770
282092,1962,3208583647
282092,2147,3550315901
283408,2292,3890790488
278969,285,407777916
279029,109,182826207
279716,1107,1965626785
279794,414,640749602
279766,382,713969747
279841,1008,1722097629
279658,324,563336932
279760,676,1131709197
279931,841,1419721901
282735,1794,3312744532
282800,120,211171607
283408,2212,3736410018
281726,242,457022999
281726,113,213179157
281726,187,355327920
283934,164,273676059
283934,167,278562486
283946,174,164723718
281707,443,602540516
279931,310,434301219
279931,342,494542581
279993,132,128786424
280015,385,716187082
280015,405,754972413
279694,810,1494851783
279694,256,458534922
279715,95,54085050
279794,644,1052590518
279975,679,1120211877
279975,785,1312301704
280330,718,1370143206
280330,719,1372385359
279794,1076,1865131949
279931,2015,3428900800
279931,2202,3781917033
279841,1781,3106601239
279766,346,649253971
280349,130,240385160
280349,235,446439305
279823,136,143957486
279823,195,251971081
279841,1164,2008589515
280385,1908,3439653049
279766,721,1336970693
275913,443,850818562
276282,147,174502530
276282,368,568046112
276282,369,570327116
276282,665,1158075218
276283,218,421532973
276283,278,535479852
275836,180,351696426
275836,329,632255007
275847,904,1168198370
275890,237,462102515
275890,972,1864457447
275911,247,340721230
279766,209,397441000
280363,97,156469037
280363,226,359281711
280363,264,420364255
279653,211,273144449
279694,1449,2681926223
279844,141,130199759
279887,99,51747398
279716,879,1606751638
279975,461,722176817
283876,284,403324121
283877,663,1251666047
283884,698,860684555
283270,1088,1798976724
283270,1524,2612336284
283270,1223,2060290879
282735,965,1811581219
282735,1065,1964120934
282735,142,288977007
282735,1188,2180474762
282807,204,403459442
282814,33,66235266
282814,167,324277901
282814,1421,2650539151
282814,750,1440189936
282814,844,1597867767
283043,459,868460533
283946,701,1073221314
281976,160,284143304
281976,1413,2512838946
284035,65,100073067
281976,1788,3169984648
281976,2137,3705208881
283050,28,37417500
283050,176,313270652
283050,179,319349993
279654,24,43642180
279654,90,175483252
279654,565,1072169838
279766,995,1799424782
280249,1298,2280174514
280385,639,1182512547
279766,150,284742867
279766,182,346978418
279766,1374,2376726435
280191,203,365646845
280191,399,738164763
279975,274,381924470
281693,1508,2780782769
282037,1350,2361509285
281727,783,1310217079
281693,330,626230843
281707,521,747830326
283877,1134,2027874905
283884,486,511444417
282092,1914,3117390483
279071,105,67567840
280188,117,208895740
279766,46,83947833
279794,474,752010564
279841,1625,2847061287
279715,655,1098165459
279715,668,1122303495
279766,1424,2462717004
279766,1431,2477973867
278875,689,1255280519
279685,28,48407458
279685,179,335842718
278820,174,304396243
280349,22,40908162
279766,1667,2923749274
279716,267,503034427
279760,679,1135841214
279760,683,1145673702
279975,646,1062514422
279975,665,1097663335
280330,774,1480857084
280364,179,339690842
279841,362,565760669
279841,368,578050880
279844,136,121233564
279024,156,182774116
279080,138,96979256
279654,127,247092069
279716,437,824083538
280349,137,253994374
278986,123,130960583
279654,103,200701131
279715,634,1058355183
279716,832,1530819652
279024,349,552339261
279029,81,135653795
279071,121,92621324
279071,123,94666917
279760,268,375761186
279760,200,252739576
279760,313,457671912
282092,846,1307526060
282092,1022,1634903147
283876,503,771390960
283876,576,900888796
283946,1240,2068377434
283964,344,554101283
284006,292,394407758
284006,336,474000607
283946,1108,1823752774
283946,1224,2035995315
282807,141,281366263
283270,249,336022330
281797,934,1481810774
283478,764,1181830569
282092,173,165448254
282092,174,166209649
282092,857,1328448513
283820,709,1251192070
283885,1379,2394331198
283885,458,828171273
283885,732,1332288194
279931,1071,1838126434
279841,842,1423397627
279931,1193,2072289866
279931,1213,2110413327
279931,1257,2192946566
279931,1290,2254086953
279931,1369,2394013817
279766,1327,2315037244
279766,1385,2392095508
279766,1593,2787938137
279975,231,308459942
279975,910,1550619321
280188,108,193672951
282092,1186,1938437642
282092,1663,2718995834
283270,844,1364963659
281693,295,559730025
283270,152,154429209
283877,1037,1880669240
283877,1460,2566414946
283946,831,1297973008
283946,1339,2263748936
284029,99,163719142
281727,576,911668045
281976,1759,3123535563
282092,1184,1936012258
282092,1243,2041036070
282800,33,52814249
283964,209,350217772
281707,254,267259913
281976,1301,2331886236
282735,1562,2911182804
279760,153,172869963
279841,289,434938473
279071,195,226366081
280349,224,426339884
283270,662,1030397771
283270,1150,1921808503
283270,1586,2723762332
283408,1343,2321581053
283408,35,46808636
283408,1129,1930136465
281976,805,1427822848
281693,631,1192435849
281707,616,925072392
281727,980,1663826656
281693,1157,2199101332
281707,735,1143107773
283283,274,567814888
283876,228,305842085
283877,106,190447032
283877,401,753775733
283877,677,1276995997
283877,679,1281393057
281707,158,103663451
282814,1256,2315892612
281693,1028,1959275601
281693,1037,1976353088
281693,1088,2071924607
281693,1232,2329841855
283408,1770,3070867081
283685,26,46786527
281976,285,495409881
284029,42,65164080
283050,207,372656926
283353,376,554496879
282037,980,1759468369
283308,420,814565856
283820,722,1273837902
283830,569,1024184015
283307,190,348795667
283865,544,944156247
283865,548,951785719
282037,274,512282347
283283,44,87950527
283283,52,105362751
283283,1556,2710393861
283283,1594,2763961564
282814,123,238926215
282037,875,1560882546
282037,1031,1848005158
283820,165,272601707
283820,284,488733018
281641,112,186037402
281693,147,274959472
281726,122,229202231
281727,360,576282622
281727,666,1088762951
282842,14,27462925
283453,259,352778169
283453,185,220729818
283478,161,169040290
281797,444,572753234
282919,45,87753009
283408,644,1072931574
281797,523,715574293
282919,135,256621958
283865,449,769136752
283478,467,668883090
283283,1334,2384806950
283283,1647,2838437003
283830,135,252571311
281797,1103,1802955083
283308,158,302209681
282842,60,111292798
283050,3,4755947
283050,4,6167996
283050,49,76459433
283682,321,594445136
276282,1050,1876178719
276283,356,678970649
276283,358,684065768
276283,510,956173928
275658,198,389117483
275658,200,392537237
275913,310,606130497
276242,1464,2743010306
275918,99,172901178
275931,64,102392743
275911,344,529788388
276097,291,561158649
276097,331,638165220
283358,787,1437396755
282917,187,174387866
283306,38,70607660
283283,335,691153500
283453,199,245703722
283885,1565,2705612553
283353,647,1021720702
282730,156,156816083
281797,1850,3119293965
281797,1793,3032449462
282037,1773,3119711545
283308,312,604202714
283043,290,547461305
283059,131,241865320
283270,237,316646030
283270,829,1339554038
283408,66,99646222
283408,446,729833817
283548,146,23719863
283548,197,121098338
283876,77,51345479
283865,221,382121479
283865,222,384378733
282731,116,218840451
283306,188,342297238
283353,152,155700148
283478,343,471999417
283353,599,941801529
283478,282,375040246
282037,153,296043455
283408,1109,1890715106
283408,1471,2563908693
283408,1922,3304941243
283408,1618,2821221029
281693,2084,3787097693
281707,1014,1672998355
281707,1063,1763597294
282731,120,227695435
283478,297,400191124
283865,337,570221042
281797,1397,2356931950
282814,1073,1956378423
283283,378,774615583
283283,391,799449014
281797,1925,3229925733
283043,40,64579806
283359,144,218153608
283408,561,929466945
283478,560,823755847
283308,85,153326200
283353,810,1318646107
282037,342,634177353
282730,110,61793464
282731,57,107808694
282732,4,6450521
283043,324,614357998
283307,316,576670202
283270,157,163161610
283270,605,936992643
283270,1004,1650158147
283408,1874,3234003746
283359,390,573940262
283453,219,282495523
283408,468,769728984
283453,463,680219151
283478,444,627903011
283820,406,707788637
283358,678,1247317621
283830,25,48626047
283885,563,1031780179
283408,174,285520079
283358,159,284481200
283885,81,146657599
283682,372,695528316
283453,446,655198609
281797,483,644349457
281797,356,412034971
281797,518,705629603
283353,389,576681404
281797,315,343535182
283353,630,993662603
284035,316,537540288
283820,1446,2548169408
283820,1451,2555882550
281797,1090,1779078827
282923,154,308534421
283408,1099,1872250810
283283,192,400580507
283283,1161,2126886625
283478,815,1265096211
283358,880,1595419870
283820,82,120074421
283059,430,811874158
283408,1032,1747946190
283820,991,1748819821
284006,351,501229326
284035,156,261090098
283408,1531,2671549459
282814,1567,2924405578
282814,1576,2934621333
283478,139,130809173
282814,1548,2891263099
282814,949,1766406181
283408,1331,2297874300
283478,931,1468897015
283885,861,1576559348
283359,94,143361146
283359,175,263461108
281797,157,73172887
283478,405,565376880
283307,309,564773403
283308,117,216371271
283865,706,1235633530
281797,1191,1962776419
281797,1256,2087715379
283682,250,462240568
282037,1831,3226246221
282037,1833,3229792757
283865,581,1014270789
283865,585,1021745404
281797,2082,3456347164
282037,1809,3185736998
283308,328,635305741
283308,332,641722199
283308,639,1223151760
283308,639,1222617608
283359,2,2793371
283359,11,15889327
283359,288,424852613
282731,62,117252559
281797,176,102173981
282732,12,20123744
282732,24,42872016
283353,107,86870964
283353,156,162631558
281641,100,165332583
283865,521,900950681
283946,713,1094442503
283964,90,153547703
283934,148,249128454
283934,252,403987112
283946,447,616811065
283946,292,366501206
283408,359,595669401
281797,821,1268628306
282037,1465,2526714563
281797,910,1438197299
283682,244,450704784
283283,865,1655693942
283820,199,334188908
283820,1210,2134692585
283820,925,1635039284
282037,6,10012855
282918,15,25236464
282919,70,136436350
283306,278,493001705
282037,145,282182764
283408,58,86307687
283865,487,833054880
283865,492,843422510
283865,494,847513047
283820,1094,1932499223
283820,1420,2502294351
283865,1050,1880622518
283865,1109,1989176460
282037,1077,1927323536
283308,67,122738775
283308,73,132679862
281639,42,64209686
281693,81,155689753
281693,602,1133514132
281693,610,1147685202
281693,1083,2062919948
282037,618,1115663433
283307,410,778330934
283308,49,90561502
283308,49,89003988
283682,78,145802810
282814,758,1452851765
283270,287,401551323
282922,78,143823120
283358,237,426688104
283865,686,1203409806
282730,116,73614642
282730,132,103900430
282731,105,199300447
283353,474,714123326
281707,307,359283043
281726,1,326830
281726,173,328251393
281797,1120,1835660840
281797,756,1143979517
282733,60,111559681
283408,413,678648466
282037,1136,2025835688
283308,728,1379894535
282037,1480,2547981060
283283,75,154089513
282037,56,121110109
283478,616,919911900
284035,198,333867685
283830,270,475799101
283877,707,1333230087
283885,1410,2438018478
282923,19,40142606
283885,250,439479085
283885,780,1424123276
282814,55,107864050
283682,118,218110239
283946,738,1137597799
284014,116,201614860
281976,309,536346781
281976,311,540033612
282092,702,1040810609
283934,768,1303445318
283934,1116,1949824545
283934,1207,2127124362
283934,456,756465044
283946,1126,1857843543
283884,521,562602120
283934,20,31535074
283934,147,247170594
282735,225,457376211
282735,276,555000052
282735,570,1141341745
283885,398,718514879
283353,385,569832100
283865,108,185877804
283820,796,1406968092
282733,143,267724121
283270,1055,1741843243
282814,1307,2422476510
283408,13,21509171
283408,15,24982121
281693,2000,3641092059
282735,33,62237768
282807,50,96600523
283933,175,180514221
283408,2118,3569311965
283820,1472,2592234192
283877,1250,2197280998
281727,1426,2384307337
282734,191,379964881
282814,499,973307734
283358,905,1634953072
283358,913,1647695065
281693,927,1758915504
282092,2015,3307392633
283934,487,812622263
283934,852,1452668069
281707,222,208232742
281707,646,978381026
282033,109,53467410
282092,132,96956358
283270,1499,2571418462
283270,1849,3151227398
281727,1226,2071729788
281976,1603,2858271867
282092,1434,2363338392
283876,79,55472689
283408,579,959081798
283408,579,958190446
281976,997,1762860200
276776,500,834496434
276794,621,823101908
276811,2219,3567859569
276437,1830,3236093874
276655,490,899634666
276776,430,711241509
276811,908,1640242722
276807,217,306040218
276361,715,1373005681
276653,354,537501930
276653,490,763650279
276776,1456,2445956383
276363,1416,2483115012
276655,228,435579123
276776,228,385214012
276807,183,245839145
276501,1897,3140617879
276659,234,370512026
276525,158,171103136
276501,439,713628579
281707,328,395392109
281727,131,220643106
283877,130,236141371
283877,279,516137380
281976,832,1476796520
281976,1570,2799994023
282037,1847,3256609120
283270,1516,2598971079
281693,120,226901510
281693,555,1047158787
281693,200,370390840
281693,372,701593674
283933,115,81161302
283933,190,207862836
283934,798,1353988414
283934,1178,2072362745
283946,279,344557015
283946,541,779491784
283946,348,456088188
282733,93,174550114
282733,94,176864065
283043,490,931248472
283358,249,450505518
283682,168,303885635
283885,297,531087699
283820,1010,1782632628
283830,487,852853644
283885,619,1135634429
282037,387,710244533
283308,336,649412180
283353,787,1277191004
283682,41,76857300
282037,1150,2049841458
282037,1288,2269721942
282037,1295,2279418168
282037,1295,2279563504
283408,308,511705548
283408,1046,1772146106
283408,1206,2070906338
283408,1546,2697747406
283876,142,162195106
283876,697,1127155345
281693,750,1427724365
281693,871,1653536811
281707,497,702449638
281707,742,1156370344
281976,485,859599885
281727,1333,2240748330
281975,172,292875773
281975,212,377833281
281976,1873,3304770732
284006,251,323030658
284014,195,340455862
282092,1252,2058662289
282092,918,1445624057
282092,886,1384200398
282092,886,1384422029
282092,670,980771065
282092,1805,2919601475
282735,919,1739337525
282735,925,1748606872
281693,945,1794479737
281693,614,1156485274
282735,993,1854248676
283884,442,433484613
284036,134,232006160
284036,211,368146635
284044,13,17956883
284038,15,27096904
284043,154,238906822
283877,214,392109651
281726,64,117197819
281726,256,481570294
281693,1318,2475776309
283877,1001,1822968966
283877,297,552465752
283933,173,177219449
281727,118,198960626
281727,187,312270914
282814,937,1748599064
283059,207,386977599
281707,754,1178515044
281707,759,1188006258
283876,497,759668161
283877,206,378008730
283877,225,411389225
283877,230,420809593
283877,883,1632911456
283270,1653,2837247712
284035,295,498813283
284035,327,558434482
281693,63,120645175
281693,717,1365874461
281693,1111,2114040566
281693,1000,1904403384
283964,260,424986709
283964,278,453164369
284014,178,310599245
284014,169,293926726
282735,292,583882014
283305,80,29814997
281639,10,8900405
283270,681,1067828232
282732,66,116235630
282734,33,71620186
281639,113,182836793
281639,116,188345643
281976,1133,2004755262
281976,1697,3019983010
282735,1463,2726508754
283884,430,411976160
283877,920,1693925907
283877,1361,2366463371
283884,751,951078965
283050,122,214990998
283453,98,71149119
283453,99,71549945
283453,116,88474258
282735,536,1077129965
282735,1037,1921415477
283306,31,55513864
283353,90,55008236
283478,104,80941497
283050,135,240399600
283408,865,1452923359
283876,526,810388845
284037,72,138217369
283358,118,210210095
283358,645,1187360315
283359,341,496034064
283877,1161,2068580484
283359,157,237946913
283885,917,1674972057
281641,196,333055204
281797,352,405640151
281976,659,1160991056
281976,778,1377788174
281976,2163,3735737626
283043,28,44751945
283043,29,46815010
282735,771,1495598984
283059,110,206848328
283270,1684,2889381820
283270,1684,2889361649
283408,400,658930948
283408,553,915905484
283934,58,98526384
283934,291,467781447
283934,295,474572125
283946,159,138112265
283946,593,868213267
283946,1065,1738442980
284043,189,283097345
284037,243,450332277
284040,25,45408410
284043,54,84495291
284035,28,43355849
281707,248,256387889
283934,516,866063047
282092,2199,3642109597
282092,1642,2687969227
282092,1645,2692480048
282712,41,78523277
282730,122,84285904
282092,868,1349364820
283478,946,1493964151
281797,207,159905506
283052,88,145792134
283685,256,221421809
283865,908,1608292849
283885,1483,2539564902
281797,164,84682544
283407,98,75812867
281797,647,947124875
283946,375,498013025
282814,330,649113120
282814,343,675174790
282814,991,1832976712
283283,172,359895781
283876,717,1162835583
283876,290,412728414
283876,703,1139246591
282735,251,507244370
281693,1511,2784057578
281693,1543,2832694653
281727,1322,2224278116
281727,763,1273923812
276870,2055,3723568981
277094,21,32030009
277094,427,757538020
277094,499,885511825
277096,1065,1895328552
277194,605,988403196
276831,1080,1959962430
277094,217,374764049
276950,276,528727382
276950,278,531348638
276870,2107,3820969527
276870,1754,3163102281
276831,880,1576388950
276831,2655,4710630111
278240,467,933158241
278808,1427,2508935567
278308,1163,1987327519
278308,1825,3036003702
278406,761,1284633105
278406,971,1674706123
278406,1308,2309268694
278017,354,495220626
